0.56818181818182E-03 0.76243592555100E+00 -.44546582532391E-06 -.15676582911423E-02
0.58221590909091E-03 0.76243592554460E+00 -.46773799086773E-06 -.16063504930004E-02
0.59659664204545E-03 0.76243592553770E+00 -.49112356261000E-06 -.16459969443493E-02
0.61133257910398E-03 0.76243592553028E+00 -.51567818968555E-06 -.16866211427643E-02
0.62643249380785E-03 0.76243592552230E+00 -.54146030178661E-06 -.17282471625924E-02
0.64190537640490E-03 0.76243592551372E+00 -.56853124803180E-06 -.17708996690180E-02
0.65776043920210E-03 0.76243592550448E+00 -.59695544276597E-06 -.18146039324662E-02
0.67400712205039E-03 0.76243592549454E+00 -.62680051863608E-06 -.18593858433534E-02
0.69065509796504E-03 0.76243592548384E+00 -.65813748730612E-06 -.19052719271913E-02
0.70771427888477E-03 0.76243592547234E+00 -.69104090819162E-06 -.19522893600544E-02
0.72519482157323E-03 0.76243592545996E+00 -.72558906561368E-06 -.20004659844182E-02
0.74310713366609E-03 0.76243592544664E+00 -.76186415479197E-06 -.20498303253765E-02
0.76146187986764E-03 0.76243592543230E+00 -.79995247711731E-06 -.21004116072484E-02
0.78026998830037E-03 0.76243592541688E+00 -.83994464516609E-06 -.21522397705815E-02
0.79954265701139E-03 0.76243592540029E+00 -.88193579794210E-06 -.22053454895629E-02
0.81929136063957E-03 0.76243592538244E+00 -.92602582685519E-06 -.22597601898451E-02
0.83952785724737E-03 0.76243592536324E+00 -.97231961297164E-06 -.23155160667987E-02
0.86026419532138E-03 0.76243592534257E+00 -.10209272760977E-05 -.23726461041993E-02
0.88151272094581E-03 0.76243592532034E+00 -.10719644362858E-05 -.24311840933607E-02
0.90328608515318E-03 0.76243592529642E+00 -.11255524883818E-05 -.24911646527235E-02
0.92559725145646E-03 0.76243592527068E+00 -.11818188902632E-05 -.25526232479090E-02
0.94845950356743E-03 0.76243592524299E+00 -.12408974654491E-05 -.26155962122503E-02
0.97188645330555E-03 0.76243592521319E+00 -.13029287207986E-05 -.26801207678112E-02
0.99589204870220E-03 0.76243592518114E+00 -.13680601800479E-05 -.27462350469023E-02
0.10204905823051E-02 0.76243592514665E+00 -.14364467339744E-05 -.28139781141084E-02
0.10456966996881E-02 0.76243592510954E+00 -.15082510080159E-05 -.28833899888358E-02
0.10715254081704E-02 0.76243592506961E+00 -.15836437482132E-05 -.29545116683936E-02
0.10979920857522E-02 0.76243592502666E+00 -.16628042263876E-05 -.30273851516195E-02
0.11251124902703E-02 0.76243592498044E+00 -.17459206655108E-05 -.31020534630626E-02
0.11529027687799E-02 0.76243592493071E+00 -.18331906862707E-05 -.31785606777368E-02
0.11813794671688E-02 0.76243592487721E+00 -.19248217758883E-05 -.32569519464551E-02
0.12105595400079E-02 0.76243592481964E+00 -.20210317802920E-05 -.33372735217605E-02
0.12404603606461E-02 0.76243592475771E+00 -.21220494208101E-05 -.34195727844643E-02
0.12710997315540E-02 0.76243592469107E+00 -.22281148366012E-05 -.35038982708069E-02
0.13024958949234E-02 0.76243592461938E+00 -.23394801541016E-05 -.35902997002542E-02
0.13346675435280E-02 0.76243592454224E+00 -.24564100848319E-05 -.36788280039429E-02
0.13676338318532E-02 0.76243592445925E+00 -.25791825529738E-05 -.37695353537900E-02
0.14014143874999E-02 0.76243592436995E+00 -.27080893541939E-05 -.38624751922805E-02
0.14360293228712E-02 0.76243592427388E+00 -.28434368472687E-05 -.39577022629475E-02
0.14714992471461E-02 0.76243592417051E+00 -.29855466801388E-05 -.40552726415602E-02
0.15078452785506E-02 0.76243592405930E+00 -.31347565521028E-05 -.41552437680359E-02
0.15450890569308E-02 0.76243592393964E+00 -.32914210139453E-05 -.42576744790890E-02
0.15832527566370E-02 0.76243592381090E+00 -.34559123078811E-05 -.43626250416357E-02
0.16223590997259E-02 0.76243592367239E+00 -.36286212492936E-05 -.44701571869683E-02
0.16624313694892E-02 0.76243592352337E+00 -.38099581523398E-05 -.45803341457166E-02
0.17034934243155E-02 0.76243592336303E+00 -.40003538015993E-05 -.46932206836125E-02
0.17455697118961E-02 0.76243592319052E+00 -.42002604720509E-05 -.48088831380742E-02
0.17886852837800E-02 0.76243592300492E+00 -.44101529997737E-05 -.49273894556284E-02
0.18328658102893E-02 0.76243592280522E+00 -.46305299058881E-05 -.50488092301866E-02
0.18781375958035E-02 0.76243592259038E+00 -.48619145763753E-05 -.51732137421936E-02
0.19245275944198E-02 0.76243592235922E+00 -.51048565005458E-05 -.53006759986662E-02
0.19720634260020E-02 0.76243592211052E+00 -.53599325710621E-05 -.54312707741401E-02
0.20207733926242E-02 0.76243592184294E+00 -.56277484485656E-05 -.55650746525439E-02
0.20706864954221E-02 0.76243592155505E+00 -.59089399941076E-05 -.57021660700176E-02
0.21218324518590E-02 0.76243592124531E+00 -.62041747727409E-05 -.58426253586964E-02
0.21742417134199E-02 0.76243592091207E+00 -.65141536317961E-05 -.59865347914770E-02
0.22279454837414E-02 0.76243592055353E+00 -.68396123575375E-05 -.61339786277878E-02
0.22829757371898E-02 0.76243592016778E+00 -.71813234140774E-05 -.62850431603804E-02
0.23393652378984E-02 0.76243591975275E+00 -.75400977686184E-05 -.64398167631648E-02
0.23971475592745E-02 0.76243591930623E+00 -.79167868072908E-05 -.65983899401063E-02
0.24563571039885E-02 0.76243591882582E+00 -.83122843460663E-05 -.67608553752057E-02
0.25170291244571E-02 0.76243591830895E+00 -.87275287414446E-05 -.69273079835823E-02
0.25791997438311E-02 0.76243591775286E+00 -.91635051058449E-05 -.70978449636821E-02
0.26429059775038E-02 0.76243591715456E+00 -.96212476328714E-05 -.72725658506298E-02
0.27081857551481E-02 0.76243591651087E+00 -.10101842037881E-04 -.74515725707482E-02
0.27750779433003E-02 0.76243591581833E+00 -.10606428119542E-04 -.76349694972643E-02
0.28436223684998E-02 0.76243591507323E+00 -.11136202448357E-04 -.78228635072244E-02
0.29138598410017E-02 0.76243591427160E+00 -.11692421188408E-04 -.80153640396398E-02
0.29858321790745E-02 0.76243591340914E+00 -.12276403058901E-04 -.82125831548846E-02
0.30595822338976E-02 0.76243591248123E+00 -.12889532442395E-04 -.84146355953675E-02
0.31351539150749E-02 0.76243591148293E+00 -.13533262646945E-04 -.86216388474989E-02
0.32125922167772E-02 0.76243591040887E+00 -.14209119329738E-04 -.88337132049769E-02
0.32919432445316E-02 0.76243590925332E+00 -.14918704090185E-04 -.90509818334116E-02
0.33732542426716E-02 0.76243590801010E+00 -.15663698240790E-04 -.92735708363122E-02
0.34565736224656E-02 0.76243590667256E+00 -.16445866764563E-04 -.95016093224576E-02
0.35419509909405E-02 0.76243590523354E+00 -.17267062468133E-04 -.97352294746724E-02
0.36294371804167E-02 0.76243590368535E+00 -.18129230340200E-04 -.99745666200311E-02
0.37190842787730E-02 0.76243590201971E+00 -.19034412125392E-04 -.10219759301511E-01
0.38109456604587E-02 0.76243590022771E+00 -.19984751124132E-04 -.10470949351119E-01
0.39050760182720E-02 0.76243589829977E+00 -.20982497229590E-04 -.10728281964504E-01
0.40015313959233E-02 0.76243589622558E+00 -.22030012213361E-04 -.10991905777095E-01
0.41003692214026E-02 0.76243589399405E+00 -.23129775272073E-04 -.11261972941762E-01
0.42016483411713E-02 0.76243589159325E+00 -.24284388847708E-04 -.11538639208042E-01
0.43054290551982E-02 0.76243588901036E+00 -.25496584735041E-04 -.11822064002938E-01
0.44117731528616E-02 0.76243588623155E+00 -.26769230490278E-04 -.12112410513312E-01
0.45207439497373E-02 0.76243588324198E+00 -.28105336155609E-04 -.12409845769902E-01
0.46324063252958E-02 0.76243588002567E+00 -.29508061315147E-04 -.12714540732967E-01
0.47468267615306E-02 0.76243587656544E+00 -.30980722498448E-04 -.13026670379589E-01
0.48640733825404E-02 0.76243587284278E+00 -.32526800948585E-04 -.13346413792649E-01
0.49842159950891E-02 0.76243586883782E+00 -.34149950772599E-04 -.13673954251490E-01
0.51073261301678E-02 0.76243586452914E+00 -.35854007492962E-04 -.14009479324290E-01
0.52334770855830E-02 0.76243585989374E+00 -.37642997019625E-04 -.14353180962151E-01
0.53627439695969E-02 0.76243585490685E+00 -.39521145063140E-04 -.14705255594933E-01
0.54952037456459E-02 0.76243584954182E+00 -.41492887010348E-04 -.15065904228835E-01
0.56309352781634E-02 0.76243584377001E+00 -.43562878285130E-04 -.15435332545737E-01
0.57700193795340E-02 0.76243583756060E+00 -.45736005217835E-04 -.15813751004325E-01
0.59125388582085E-02 0.76243583088041E+00 -.48017396448081E-04 -.16201374942997E-01
0.60585785680063E-02 0.76243582369378E+00 -.50412434886855E-04 -.16598424684564E-01
0.62082254586360E-02 0.76243581596235E+00 -.52926770265041E-04 -.17005125642759E-01
0.63615686274643E-02 0.76243580764483E+00 -.55566332296810E-04 -.17421708430546E-01
0.65186993725627E-02 0.76243579869682E+00 -.58337344487678E-04 -.17848408970255E-01
0.66797112470650E-02 0.76243578907057E+00 -.61246338618415E-04 -.18285468605516E-01
0.68447001148675E-02 0.76243577871469E+00 -.64300169937517E-04 -.18733134215025E-01
0.70137642077047E-02 0.76243576757394E+00 -.67506033096472E-04 -.19191658328113E-01
0.71870041836350E-02 0.76243575558885E+00 -.70871478863691E-04 -.19661299242129E-01
0.73645231869708E-02 0.76243574269550E+00 -.74404431654654E-04 -.20142321141629E-01
0.75464269096890E-02 0.76243572882510E+00 -.78113207917621E-04 -.20634994219350E-01
0.77328236543583E-02 0.76243571390366E+00 -.82006535416082E-04 -.21139594798981E-01
0.79238243986210E-02 0.76243569785161E+00 -.86093573451095E-04 -.21656405459682E-01
0.81195428612669E-02 0.76243568058334E+00 -.90383934068649E-04 -.22185715162371E-01
0.83200955699402E-02 0.76243566200679E+00 -.94887704299352E-04 -.22727819377724E-01
0.85256019305177E-02 0.76243564202293E+00 -.99615469479907E-04 -.23283020215881E-01
0.87361842982015E-02 0.76243562052522E+00 -.10457833770822E-03 -.23851626557827E-01
0.89519680503671E-02 0.76243559739910E+00 -.10978796548631E-03 -.24433954188402E-01
0.91730816612111E-02 0.76243557252132E+00 -.11525658460786E-03 -.25030325930926E-01
0.93996567782431E-02 0.76243554575934E+00 -.12099703034965E-03 -.25641071783367E-01
0.96318283006657E-02 0.76243551697058E+00 -.12702277102922E-03 -.26266529056026E-01
0.98697344596921E-02 0.76243548600170E+00 -.13334793899355E-03 -.26907042510679E-01
0.10113516900847E-01 0.76243545268778E+00 -.13998736310701E-03 -.27562964501116E-01
0.10363320768297E-01 0.76243541685142E+00 -.14695660280953E-03 -.28234655115008E-01
0.10619294791274E-01 0.76243537830183E+00 -.15427198381959E-03 -.28922482317048E-01
0.10881591372619E-01 0.76243533683381E+00 -.16195063555978E-03 -.29626822093264E-01
0.11150366679523E-01 0.76243529222667E+00 -.17001053038632E-03 -.30348058596436E-01
0.11425780736507E-01 0.76243524424305E+00 -.17847052470779E-03 -.31086584292520E-01
0.11707997520698E-01 0.76243519262766E+00 -.18735040208187E-03 -.31842800107981E-01
0.11997185059460E-01 0.76243513710597E+00 -.19667091838329E-03 -.32617115577914E-01
0.12293515530428E-01 0.76243507738269E+00 -.20645384914014E-03 -.33409948994854E-01
0.12597165364030E-01 0.76243501314029E+00 -.21672203914026E-03 -.34221727558131E-01
0.12908315348521E-01 0.76243494403724E+00 -.22749945441376E-03 -.35052887523638E-01
0.13227150737630E-01 0.76243486970627E+00 -.23881123670282E-03 -.35903874353877E-01
0.13553861360849E-01 0.76243478975241E+00 -.25068376053454E-03 -.36775142868091E-01
0.13888641736462E-01 0.76243470375090E+00 -.26314469301804E-03 -.37667157392354E-01
0.14231691187353E-01 0.76243461124495E+00 -.27622305649217E-03 -.38580391909396E-01
0.14583213959681E-01 0.76243451174334E+00 -.28994929415601E-03 -.39515330207998E-01
0.14943419344485E-01 0.76243440471783E+00 -.30435533881988E-03 -.40472466031719E-01
0.15312521802294E-01 0.76243428960035E+00 -.31947468492089E-03 -.41452303226757E-01
0.15690741090810E-01 0.76243416578007E+00 -.33534246395319E-03 -.42455355888681E-01
0.16078302395753E-01 0.76243403260012E+00 -.35199552346971E-03 -.43482148507794E-01
0.16475436464928E-01 0.76243388935417E+00 -.36947250981885E-03 -.44533216112845E-01
0.16882379745612E-01 0.76243373528270E+00 -.38781395478674E-03 -.45609104412797E-01
0.17299374525329E-01 0.76243356956902E+00 -.40706236632302E-03 -.46710369936352E-01
0.17726669076104E-01 0.76243339133497E+00 -.42726232353558E-03 -.47837580168888E-01
0.18164517802284E-01 0.76243319963632E+00 -.44846057614762E-03 -.48991313686474E-01
0.18613181392000E-01 0.76243299345781E+00 -.47070614861868E-03 -.50172160286573E-01
0.19072926972383E-01 0.76243277170781E+00 -.49405044913960E-03 -.51380721115045E-01
0.19544028268601E-01 0.76243253321261E+00 -.51854738372011E-03 -.52617608789043E-01
0.20026765766835E-01 0.76243227671028E+00 -.54425347559716E-03 -.53883447515326E-01
0.20521426881276E-01 0.76243200084404E+00 -.57122799020096E-03 -.55178873203544E-01
0.21028306125243E-01 0.76243170415518E+00 -.59953306592602E-03 -.56504533573987E-01
0.21547705286537E-01 0.76243138507543E+00 -.62923385096391E-03 -.57861088259261E-01
0.22079933607114E-01 0.76243104191872E+00 -.66039864646554E-03 -.59249208899335E-01
0.22625307967210E-01 0.76243067287246E+00 -.69309905631069E-03 -.60669579229369E-01
0.23184153074000E-01 0.76243027598797E+00 -.72741014377435E-03 -.62122895159691E-01
0.23756801654928E-01 0.76242984917042E+00 -.76341059539019E-03 -.63609864847260E-01
0.24343594655805E-01 0.76242939016782E+00 -.80118289232368E-03 -.65131208757917E-01
0.24944881443803E-01 0.76242889655935E+00 -.84081348957922E-03 -.66687659718683E-01
0.25561020015465E-01 0.76242836574273E+00 -.88239300337812E-03 -.68279962959318E-01
0.26192377209847E-01 0.76242779492069E+00 -.92601640705713E-03 -.69908876142332E-01
0.26839328926930E-01 0.76242718108644E+00 -.97178323585034E-03 -.71575169380556E-01
0.27502260351425E-01 0.76242652100803E+00 -.10197978009305E-02 -.73279625241376E-01
0.28181566182106E-01 0.76242581121162E+00 -.10701694130999E-02 -.75023038736660E-01
0.28877650866804E-01 0.76242504796341E+00 -.11230126165351E-02 -.76806217297348E-01
0.29590928843214E-01 0.76242422725035E+00 -.11784474330034E-02 -.78629980731654E-01
0.30321824785641E-01 0.76242334475934E+00 -.12365996169858E-02 -.80495161165731E-01
0.31070773857846E-01 0.76242239585493E+00 -.12976009221519E-02 -.82402602965632E-01
0.31838221972135E-01 0.76242137555537E+00 -.13615893796542E-02 -.84353162639298E-01
0.32624626054847E-01 0.76242027850691E+00 -.14287095887170E-02 -.86347708717275E-01
0.33430454318402E-01 0.76241909895617E+00 -.14991130200173E-02 -.88387121610775E-01
0.34256186540066E-01 0.76241783072049E+00 -.15729583323671E-02 -.90472293445621E-01
0.35102314347606E-01 0.76241646715617E+00 -.16504117032243E-02 -.92604127870568E-01
0.35969341511992E-01 0.76241500112424E+00 -.17316471735750E-02 -.94783539838387E-01
0.36857784247338E-01 0.76241342495385E+00 -.18168470077466E-02 -.97011455358027E-01
0.37768171518247E-01 0.76241173040289E+00 -.19062020687270E-02 -.99288811216115E-01
0.38701045354748E-01 0.76240990861580E+00 -.19999122095818E-02 -.10161655466591E+00
0.39656961175010E-01 0.76240795007818E+00 -.20981866815778E-02 -.10399564308180E+00
0.40636488116033E-01 0.76240584456822E+00 -.22012445596355E-02 -.10642704357730E+00
0.41640209372499E-01 0.76240358110447E+00 -.23093151857531E-02 -.10891173258437E+00
0.42668722544000E-01 0.76240114788988E+00 -.24226386310533E-02 -.11145069539193E+00
0.43722639990836E-01 0.76239853225167E+00 -.25414661771281E-02 -.11404492564115E+00
0.44802589198610E-01 0.76239572057695E+00 -.26660608173614E-02 -.11669542477502E+00
0.45909213151816E-01 0.76239269824353E+00 -.27966977789332E-02 -.11940320143976E+00
0.47043170716666E-01 0.76238944954577E+00 -.29336650662135E-02 -.12216927083531E+00
0.48205137033367E-01 0.76238595761510E+00 -.30772640262729E-02 -.12499465401215E+00
0.49395803918091E-01 0.76238220433463E+00 -.32278099372445E-02 -.12788037711139E+00
0.50615880274868E-01 0.76237817024777E+00 -.33856326202828E-02 -.13082747054521E+00
0.51866092517657E-01 0.76237383446007E+00 -.35510770758753E-02 -.13383696811447E+00
0.53147185002844E-01 0.76236917453413E+00 -.37245041452661E-02 -.13690990605993E+00
0.54459920472414E-01 0.76236416637683E+00 -.39062911977616E-02 -.14004732204384E+00
0.55805080508082E-01 0.76235878411848E+00 -.40968328446856E-02 -.14325025405815E+00
0.57183465996632E-01 0.76235299998331E+00 -.42965416807568E-02 -.14651973925554E+00
0.58595897606749E-01 0.76234678415063E+00 -.45058490536589E-02 -.14985681269932E+00
0.60043216277636E-01 0.76234010460607E+00 -.47252058625660E-02 -.15326250602809E+00
0.61526283719693E-01 0.76233292698216E+00 -.49550833863854E-02 -.15673784603095E+00
0.63045982927570E-01 0.76232521438757E+00 -.51959741424594E-02 -.16028385312854E+00
0.64603218705881E-01 0.76231692722413E+00 -.54483927764623E-02 -.16390153975564E+00
0.66198918207916E-01 0.76230802299089E+00 -.57128769842013E-02 -.16759190864010E+00
0.67834031487651E-01 0.76229845607416E+00 -.59899884660109E-02 -.17135595097340E+00
0.69509532065396E-01 0.76228817752283E+00 -.62803139143983E-02 -.17519464446741E+00
0.71226417507412E-01 0.76227713480764E+00 -.65844660355629E-02 -.17910895129202E+00
0.72985710019845E-01 0.76226527156356E+00 -.69030846053716E-02 -.18309981588802E+00
0.74788457057335E-01 0.76225252731397E+00 -.72368375603200E-02 -.18716816264937E+00
0.76635731946651E-01 0.76223883717547E+00 -.75864221239585E-02 -.19131489346885E+00
0.78528634525733E-01 0.76222413154199E+00 -.79525659691911E-02 -.19554088514073E+00
0.80468291798519E-01 0.76220833574677E+00 -.83360284167852E-02 -.19984698661422E+00
0.82455858605942E-01 0.76219136970077E+00 -.87376016703449E-02 -.20423401609070E+00
0.84492518313509E-01 0.76217314750588E+00 -.91581120879051E-02 -.20870275795803E+00
0.86579483515853E-01 0.76215357704130E+00 -.95984214901982E-02 -.21325395955473E+00
0.88717996758694E-01 0.76213255952120E+00 -.10059428505523E-01 -.21788832775661E+00
0.90909331278634E-01 0.76210998902188E+00 -.10542069951017E-01 -.22260652537838E+00
0.93154791761216E-01 0.76208575197631E+00 -.11047322249976E-01 -.22740916738218E+00
0.95455715117718E-01 0.76205972663399E+00 -.11576202884707E-01 -.23229681688532E+00
0.97813471281126E-01 0.76203178248375E+00 -.12129771884222E-01 -.23726998095865E+00
0.10022946402177E+00 0.76200177963724E+00 -.12709133345861E-01 -.24232910620719E+00
0.10270513178311E+00 0.76196956817036E+00 -.13315436989724E-01 -.24747457412442E+00
0.10524194853815E+00 0.76193498742012E+00 -.13949879744555E-01 -.25270669621112E+00
0.10784142466704E+00 0.76189786523387E+00 -.14613707363420E-01 -.25802570884985E+00
0.11050510785632E+00 0.76185801716807E+00 -.15308216067267E-01 -.26343176792557E+00
0.11323458402037E+00 0.76181524563329E+00 -.16034754214102E-01 -.26892494318308E+00
0.11603147824567E+00 0.76176933898198E+00 -.16794723991178E-01 -.27450521231165E+00
0.11889745575834E+00 0.76172007053562E+00 -.17589583127206E-01 -.28017245474683E+00
0.12183422291557E+00 0.76166719754741E+00 -.18420846621173E-01 -.28592644517978E+00
0.12484352822159E+00 0.76161046009637E+00 -.19290088483912E-01 -.29176684676393E+00
0.12792716336866E+00 0.76154957990896E+00 -.20198943488045E-01 -.29769320400888E+00
0.13108696430387E+00 0.76148425910355E+00 -.21149108921423E-01 -.30370493535135E+00
0.13432481232217E+00 0.76141417885328E+00 -.22142346338554E-01 -.30980132539305E+00
0.13764263518653E+00 0.76133899796231E+00 -.23180483303939E-01 -.31598151679511E+00
0.14104240827564E+00 0.76125835135052E+00 -.24265415120490E-01 -.32224450181907E+00
0.14452615576004E+00 0.76117184844110E+00 -.25399106535521E-01 -.32858911350430E+00
0.14809595180732E+00 0.76107907144564E+00 -.26583593415974E-01 -.33501401647190E+00
0.15175392181696E+00 0.76097957354065E+00 -.27820984383709E-01 -.34151769734539E+00
0.15550224368584E+00 0.76087287692958E+00 -.29113462400731E-01 -.34809845477870E+00
0.15934314910488E+00 0.76075847078379E+00 -.30463286293283E-01 -.35475438908232E+00
0.16327892488777E+00 0.76063580905591E+00 -.31872792202621E-01 -.36148339143877E+00
0.16731191433250E+00 0.76050430815869E+00 -.33344394949161E-01 -.36828313269928E+00
0.17144451861651E+00 0.76036334450203E+00 -.34880589295486E-01 -.37515105175380E+00
0.17567919822634E+00 0.76021225188094E+00 -.36483951092335E-01 -.38208434346734E+00
0.18001847442253E+00 0.76005031870658E+00 -.38157138290338E-01 -.38907994617653E+00
0.18446493074076E+00 0.75987678507257E+00 -.39902891798736E-01 -.39613452874079E+00
0.18902121453006E+00 0.75969083964826E+00 -.41724036170723E-01 -.40324447714396E+00
0.19369003852895E+00 0.75949161639079E+00 -.43623480093349E-01 -.41040588064319E+00
0.19847418248062E+00 0.75927819106719E+00 -.45604216658086E-01 -.41761451746324E+00
0.20337649478789E+00 0.75904957757789E+00 -.47669323386242E-01 -.42486584003584E+00
0.20839989420915E+00 0.75880472407275E+00 -.49821961981334E-01 -.43215495978562E+00
0.21354737159611E+00 0.75854250885057E+00 -.52065377778365E-01 -.43947663146562E+00
0.21882199167454E+00 0.75826173603321E+00 -.54402898857620E-01 -.44682523704809E+00
0.22422689486890E+00 0.75796113100511E+00 -.56837934788172E-01 -.45419476917795E+00
0.22976529917216E+00 0.75763933560933E+00 -.59373974963687E-01 -.46157881419955E+00
0.23544050206171E+00 0.75729490309125E+00 -.62014586490395E-01 -.46897053476989E+00
0.24125588246264E+00 0.75692629278117E+00 -.64763411584238E-01 -.47636265207463E+00
0.24721490275947E+00 0.75653186450757E+00 -.67624164431166E-01 -.48374742766718E+00
0.25332111085762E+00 0.75610987273294E+00 -.70600627461399E-01 -.49111664495445E+00
0.25957814229581E+00 0.75565846040467E+00 -.73696646985158E-01 -.49846159035773E+00
0.26598972241051E+00 0.75517565251438E+00 -.76916128133891E-01 -.50577303418144E+00
0.27255966855405E+00 0.75465934935923E+00 -.80263029047416E-01 -.51304121122790E+00
0.27929189236734E+00 0.75410731950057E+00 -.83741354243643E-01 -.52025580120188E+00
0.28619040210881E+00 0.75351719241559E+00 -.87355147103619E-01 -.52740590895475E+00
0.29325930504090E+00 0.75288645083955E+00 -.91108481400641E-01 -.53448004462504E+00
0.30050280987541E+00 0.75221242279751E+00 -.95005451797984E-01 -.54146610373925E+00
0.30792522927933E+00 0.75149227332640E+00 -.99050163235537E-01 -.54835134734525E+00
0.31553098244253E+00 0.75072299589034E+00 -.10324671912128E+00 -.55512238225876E+00
0.32332459770886E+00 0.74990140349460E+00 -.10759920823907E+00 -.56176514151335E+00
0.33131071527227E+00 0.74902411950653E+00 -.11211169027962E+00 -.56826486511453E+00
0.33949408993950E+00 0.74808756819474E+00 -.11678817989724E+00 -.57460608120961E+00
0.34787959396100E+00 0.74708796500169E+00 -.12163262918998E+00 -.58077258779717E+00
0.35647221993184E+00 0.74602130656872E+00 -.12664890849673E+00 -.58674743511317E+00
0.36527708376416E+00 0.74488336053750E+00 -.13184078540004E+00 -.59251290884468E+00
0.37429942773313E+00 0.74366965515670E+00 -.13721190181937E+00 -.59805051433784E+00
0.38354462359814E+00 0.74237546872876E+00 -.14276574907518E+00 -.60334096198276E+00
0.39301817580101E+00 0.74099581893802E+00 -.14850564080055E+00 -.60836415397635E+00
0.40272572474330E+00 0.73952545210884E+00 -.15443468357339E+00 -.61309917268293E+00
0.41267305014446E+00 0.73795883245002E+00 -.16055574513925E+00 -.61752427083326E+00
0.42286607448302E+00 0.73629013135118E+00 -.16687142009213E+00 -.62161686382498E+00
0.43331086652276E+00 0.73451321680617E+00 -.17338399287881E+00 -.62535352441109E+00
0.44401364492587E+00 0.73262164304970E+00 -.18009539799085E+00 -.62870998008900E+00
0.45498078195554E+00 0.73060864050498E+00 -.18700717720853E+00 -.63166111353002E+00
0.46621880726984E+00 0.72846710615345E+00 -.19412043376138E+00 -.63418096641884E+00
0.47773441180940E+00 0.72618959445170E+00 -.20143578327251E+00 -.63624274710386E+00
0.48953445178109E+00 0.72376830893656E+00 -.20895330135720E+00 -.63781884249323E+00
0.50162595274009E+00 0.72119509467569E+00 -.21667246775182E+00 -.63888083466753E+00
0.51401611377277E+00 0.71846143174011E+00 -.22459210685633E+00 -.63939952271829E+00
0.52671231178296E+00 0.71555842989424E+00 -.23271032458335E+00 -.63934495036313E+00
0.53972210588399E+00 0.71247682472104E+00 -.24102444141909E+00 -.63868643993146E+00
0.55305324189933E+00 0.70920697542252E+00 -.24953092161653E+00 -.63739263336181E+00
0.56671365697424E+00 0.70573886456092E+00 -.25822529846047E+00 -.63543154090108E+00
0.58071148430151E+00 0.70206210003201E+00 -.26710209556600E+00 -.63277059824854E+00
0.59505505796375E+00 0.69816591959043E+00 -.27615474419965E+00 -.62937673294339E+00
0.60975291789546E+00 0.69403919827655E+00 -.28537549664415E+00 -.62521644085344E+00
0.62481381496748E+00 0.68967045912608E+00 -.29475533566537E+00 -.62025587368511E+00
0.64024671619717E+00 0.68504788757649E+00 -.30428388018418E+00 -.61446093850076E+00
0.65606081008724E+00 0.68015935001927E+00 -.31394928730685E+00 -.60779741029888E+00
0.67226551209640E+00 0.67499241698248E+00 -.32373815092659E+00 -.60023105878590E+00
0.68887047024518E+00 0.66953439146534E+00 -.33363539717689E+00 -.59172779054522E+00
0.70588557086023E+00 0.66377234298424E+00 -.34362417709470E+00 -.58225380788968E+00
0.72332094446048E+00 0.65769314792776E+00 -.35368575694086E+00 -.57177578576818E+00
0.74118697178866E+00 0.65128353685634E+00 -.36379940672565E+00 -.56026106818525E+00
0.75949428999184E+00 0.64453014941966E+00 -.37394228760243E+00 -.54767788568422E+00
0.77825379895463E+00 0.63741959760111E+00 -.38408933892212E+00 -.53399559554018E+00
0.79747666778881E+00 0.62993853803214E+00 -.39421316588761E+00 -.51918494640778E+00
0.81717434148320E+00 0.62207375414996E+00 -.40428392891231E+00 -.50321836927096E+00
0.83735854771783E+00 0.61381224899803E+00 -.41426923597266E+00 -.48607029664707E+00
0.85804130384646E+00 0.60514134948814E+00 -.42413403945194E+00 -.46771751210539E+00
0.87923492405147E+00 0.59604882295500E+00 -.43384053920569E+00 -.44813953227013E+00
0.90095202667554E+00 0.58652300683562E+00 -.44334809383863E+00 -.42731902358960E+00
0.92320554173443E+00 0.57655295229519E+00 -.45261314247252E+00 -.40524225626575E+00
0.94600871861527E+00 0.56612858259448E+00 -.46158913960680E+00 -.38189959785125E+00
0.96937513396506E+00 0.55524086694863E+00 -.47022650603129E+00 -.35728604913315E+00
0.99331869977400E+00 0.54388201055898E+00 -.47847259914727E+00 -.33140182503242E+00
0.10178536716584E+01 0.53204566140386E+00 -.48627170649213E+00 -.30425298335568E+00
0.10429946573484E+01 0.51972713424572E+00 -.49356506674781E+00 -.27585210433769E+00
0.10687566253849E+01 0.50692365214489E+00 -.50029092304859E+00 -.24621902400847E+00
0.10951549140319E+01 0.49363460555646E+00 -.50638461399261E+00 -.21538162450655E+00
0.11222052404085E+01 0.47986182881989E+00 -.51177870840941E+00 -.18337668453499E+00
0.11499237098466E+01 0.46560989351991E+00 -.51640319064616E+00 -.15025079321928E+00
0.11783268254798E+01 0.45088641779340E+00 -.52018570391380E+00 -.11606133067076E+00
0.12074314980691E+01 0.43570239016622E+00 -.52305186008529E+00 -.80877518583208E-01
0.12372550560714E+01 0.42007250591483E+00 -.52492562526675E+00 -.44781544188817E-01
0.12678152559564E+01 0.40401551324272E+00 -.52572979147403E+00 -.78697608690067E-02
0.12991302927785E+01 0.38755456572491E+00 -.52538654584644E+00 0.29746031351657E-01
0.13312188110102E+01 0.37071757648466E+00 -.52381815002191E+00 0.67937222308368E-01
0.13640999156421E+01 0.35353756840280E+00 -.52094774358847E+00 0.10655694223334E+00
0.13977931835585E+01 0.33605301329705E+00 -.51670028691979E+00 0.14543852357948E+00
0.14323186751924E+01 0.31830815141785E+00 -.51100366020294E+00 0.18439387166347E+00
0.14676969464696E+01 0.30035328075705E+00 -.50378993707754E+00 0.22321174201858E+00
0.15039490610474E+01 0.28224500352152E+00 -.49499685302999E+00 0.26165592279383E+00
0.15410966028553E+01 0.26404641464588E+00 -.48456949052766E+00 0.29946332108358E+00
0.15791616889458E+01 0.24582721436330E+00 -.47246220483502E+00 0.33634195273608E+00
0.16181669826628E+01 0.22766372357309E+00 -.45864081652706E+00 0.37196883598765E+00
0.16581357071345E+01 0.20963877698468E+00 -.44308509890158E+00 0.40598779021942E+00
0.16990916591008E+01 0.19184146472100E+00 -.42579159078605E+00 0.43800714225815E+00
0.17410592230806E+01 0.17436668816571E+00 -.40677676762748E+00 0.46759734396471E+00
0.17840633858906E+01 0.15731449026775E+00 -.38608060623457E+00 0.49428850640103E+00
0.18281297515221E+01 0.14078911419612E+00 -.36377058109170E+00 0.51756785766820E+00
0.18732845563847E+01 0.12489773708467E+00 -.33994613276400E+00 0.53687713359928E+00
0.19195546849274E+01 0.10974881753031E+00 -.31474365153151E+00 0.55160991290821E+00
0.19669676856451E+01 0.95449986413083E-01 -.28834202199350E+00 0.56110891118301E+00
0.20155517874806E+01 0.82105400388716E-01 -.26096877692497E+00 0.56466325131537E+00
0.20653359166314E+01 0.69812465955561E-01 -.23290691109042E+00 0.56150573163269E+00
0.21163497137721E+01 0.58657829204261E-01 -.20450240795538E+00 0.55081011720162E+00
0.21686235517023E+01 0.48712512101039E-01 -.17617253420106E+00 0.53168848457200E+00
0.22221885534294E+01 0.40026060314050E-01 -.14841495853773E+00 0.50318865569883E+00
0.22770766106991E+01 0.32619550044615E-01 -.12181775240750E+00 0.46429176300282E+00
0.23333204029833E+01 0.26451597921926E-01 -.98365958152462E-01 0.37305287097305E+00
0.23909534169370E+01 0.21358386937331E-01 -.79095795313327E-01 0.29850344104711E+00
0.24500099663354E+01 0.17170474944973E-01 -.63327967924372E-01 0.23783725255992E+00
0.25105252125039E+01 0.13741863215364E-01 -.50481404608998E-01 0.18867441614655E+00
0.25725351852527E+01 0.10947295053889E-01 -.40061059440948E-01 0.14900500858242E+00
0.26360768043284E+01 0.86797875277216E-02 -.31646889345446E-01 0.11713861115863E+00
0.27011879013954E+01 0.68483887880951E-02 -.24883951079989E-01 0.91659478968196E-01
0.27679072425598E+01 0.53761515515721E-02 -.19473553473422E-01 0.71386831147234E-01
0.28362745514510E+01 0.41983114315092E-02 -.15165409740561E-01 0.55339529721325E-01
0.29063305328719E+01 0.32606558586501E-02 -.11750759585982E-01 0.42704396150938E-01
0.29781168970338E+01 0.25180643049046E-02 -.90564499304868E-02 0.32807967936395E-01
0.30516763843906E+01 0.19331949537341E-02 -.69399213503699E-02 0.25092642745797E-01
0.31270527910850E+01 0.14752936750349E-02 -.52849115618885E-02 0.19098670418818E-01
0.32042909950248E+01 0.11191153278767E-02 -.39975677455944E-02 0.14451841578138E-01
0.32834369826019E+01 0.84396595689576E-03 -.30027353250689E-02 0.10854688512758E-01
0.33645378760722E+01 0.63288081355898E-03 -.22402920810021E-02 0.80795352504500E-02
0.34476419616112E+01 0.47197960480163E-03 -.16613950620239E-02 0.59589216022310E-02
0.35327987180630E+01 0.35002421016030E-03 -.12254894728994E-02 0.43634695253594E-02
0.36200588463991E+01 0.25807282538233E-03 -.89922529443418E-03 0.31790269069905E-02
0.37094742999052E+01 0.18911524162040E-03 -.65617006781009E-03 0.23056005312374E-02
0.38010983151128E+01 0.13769814422014E-03 -.47595968234231E-03 0.16637600540660E-02
0.38949854434961E+01 0.99595076392069E-04 -.34305715677201E-03 0.11937948501613E-02
0.39911915839505E+01 0.71541332808211E-04 -.24562436616516E-03 0.85127542376822E-03
0.40897740160740E+01 0.51026071751735E-04 -.17465118888984E-03 0.60303016147969E-03
0.41907914342711E+01 0.36128648656373E-04 -.12330036172964E-03 0.42422988560432E-03
0.42943039826976E+01 0.25388914203889E-04 -.86407669073385E-04 0.29630693382061E-03
0.44003732910702E+01 0.17704201971673E-04 -.60095094047304E-04 0.20542595786462E-03
0.45090625113596E+01 0.12247667236266E-04 -.41469366765240E-04 0.14133180632819E-03
0.46204363553902E+01 0.84038412330702E-05 -.28386930969789E-04 0.96470360500831E-04
0.47345611333684E+01 0.57180757331335E-05 -.19271287263635E-04 0.65315167250399E-04
0.48515047933626E+01 0.38571561385060E-05 -.12971798915398E-04 0.43852527107728E-04
0.49713369617586E+01 0.25788431991511E-05 -.86552604732972E-05 0.29189529697899E-04
0.50941289847140E+01 0.17085029807863E-05 -.57232288195276E-05 0.19257502375192E-04
0.52199539706365E+01 0.11213208626643E-05 -.37494804401455E-05 0.12589219570596E-04
0.53488868337112E+01 0.72887879462688E-06 -.24330753455977E-05 0.81527935669928E-05
0.54810043385039E+01 0.46911306101843E-06 -.15634267615475E-05 0.52288119749758E-05
0.56163851456649E+01 0.29886822007729E-06 -.99452959354845E-06 0.33202148173715E-05
0.57551098587628E+01 0.18842686066735E-06 -.62611543402752E-06 0.20867535586874E-05
0.58972610722743E+01 0.11752905240150E-06 -.38999916510881E-06 0.12977495927698E-05
0.60429234207595E+01 0.72504182622339E-07 -.24028089392581E-06 0.79835507400094E-06
0.61921836292522E+01 0.44225204800249E-07 -.14638361467085E-06 0.48568556143437E-06
0.63451305648947E+01 0.26664692964027E-07 -.88156089294545E-07 0.29210193231778E-06
0.65018552898476E+01 0.15886621696452E-07 -.52464462999268E-07 0.17361918753714E-06
0.66624511155069E+01 0.93501857681691E-08 -.30845728962792E-07 0.10195454423778E-06
0.68270136580599E+01 0.54345702336683E-08 -.17910297728935E-07 0.59131656276248E-07
0.69956408954140E+01 0.31183579507347E-08 -.10267074393143E-07 0.33860583141042E-07
0.71684332255307E+01 0.17658705432872E-08 -.58087392485642E-08 0.19137414765172E-07
0.73454935262013E+01 0.98654512845331E-09 -.32423528063597E-08 0.10671784788312E-07
0.75269272162985E+01 0.54356305301784E-09 -.17849682514446E-08 0.58695272505004E-08
0.77128423185411E+01 0.29525958164867E-09 -.96880806219951E-09 0.31829179159880E-08
0.79033495238090E+01 0.15805995896510E-09 -.51823132620556E-09 0.17011573573155E-08
0.80985622570471E+01 0.83357110961854E-10 -.27310288611687E-09 0.89577130193998E-09
0.82985967447962E+01 0.43291427647583E-10 -.14173595021419E-09 0.46453302409337E-09
0.85035720843926E+01 0.22132555558312E-10 -.72412838877521E-10 0.23715499848091E-09
0.87136103148771E+01 0.11134223781845E-10 -.36404913592618E-10 0.11914337779445E-09
0.89288364896546E+01 0.55094946134625E-11 -.18002660898381E-10 0.58877780536167E-10
0.91493787509491E+01 0.26804522837868E-11 -.87531706935678E-11 0.28608500548097E-10
0.93753684060975E+01 0.12816406807709E-11 -.41827525019037E-11 0.13662037323846E-10
0.96069400057281E+01 0.60200487555454E-12 -.19635383843112E-11 0.64094894538001E-11
0.98442314238696E+01 0.27766365586332E-12 -.90511906952516E-12 0.29527468321870E-11
0.10087383940039E+02 0.12569822958175E-12 -.40951131624352E-12 0.13351413958255E-11
0.10336542323358E+02 0.55825419221860E-13 -.18176939204678E-12 0.59227883606354E-12
0.10591854918745E+02 0.24312227381847E-13 -.79116459417362E-13 0.25764321300455E-12
0.10853473735238E+02 0.10377672873471E-13 -.33751752024631E-13 0.10984901522400E-12
0.11121554536498E+02 0.43395555682009E-14 -.14105763680812E-13 0.45882339532768E-13
0.11396256933550E+02 0.17768175959763E-14 -.57723151752051E-14 0.18765019718391E-13
0.11677744479809E+02 0.71198253361306E-15 -.23117108906989E-14 0.75107545365567E-14
0.11966184768460E+02 0.27905849662188E-15 -.90556180616071E-15 0.29404959488402E-14
0.12261749532241E+02 0.10692632269942E-15 -.34679156548870E-15 0.11254479945080E-14
0.12564614745687E+02 0.40030839860843E-16 -.12976059548688E-15 0.42087869418168E-15
0.12874960729906E+02 0.14634419879134E-16 -.47412392218746E-16 0.15369754659072E-15
0.13192972259934E+02 0.52211950314175E-17 -.16906702083265E-16 0.54777188804551E-16
0.13518838674755E+02 0.18168261394279E-17 -.58800279467152E-17 0.19041085585794E-16
0.13852753990021E+02 0.61622276156132E-18 -.19933326704948E-17 0.64516495349142E-17
0.14194917013575E+02 0.20359441367652E-18 -.65823316561862E-18 0.21293925502197E-17
0.14545531463810E+02 0.65491340374299E-19 -.21158956252051E-18 0.68421324139626E-18
