1400    0.0100000000
   0.0000000000    0.7624359256   -0.0000004455
   0.0100000000    0.7624354682   -0.0001368957
   0.0200000000    0.7624322909   -0.0005428282
   0.0300000000    0.7624237333   -0.0012109943
   0.0400000000    0.7624072127   -0.0021342784
   0.0500000000    0.7623802066   -0.0033059656
   0.0600000000    0.7623403041   -0.0047186560
   0.0700000000    0.7622850229   -0.0063672020
   0.0800000000    0.7622121493   -0.0082434490
   0.0900000000    0.7621193550   -0.0103417897
   0.1000000000    0.7620046292   -0.0126541073
   0.1100000000    0.7618655735   -0.0151765180
   0.1200000000    0.7617002205   -0.0179016626
   0.1300000000    0.7615067293   -0.0208222542
   0.1400000000    0.7612830785   -0.0239327629
   0.1500000000    0.7610272808   -0.0272276807
   0.1600000000    0.7607379995   -0.0306985221
   0.1700000000    0.7604126172   -0.0343436249
   0.1800000000    0.7600510081   -0.0381500147
   0.1900000000    0.7596490739   -0.0421222410
   0.2000000000    0.7592070364   -0.0462469697
   0.2100000000    0.7587232138   -0.0505193332
   0.2200000000    0.7581962186   -0.0549336193
   0.2300000000    0.7576250914   -0.0594831788
   0.2400000000    0.7570058974   -0.0641697787
   0.2500000000    0.7563393902   -0.0689817564
   0.2600000000    0.7556266935   -0.0739084767
   0.2700000000    0.7548605024   -0.0789590675
   0.2800000000    0.7540467450   -0.0841122973
   0.2900000000    0.7531772710   -0.0893779072
   0.3000000000    0.7522592106   -0.0947349425
   0.3100000000    0.7512824224   -0.1001949402
   0.3200000000    0.7502518781   -0.1057425249
   0.3300000000    0.7491681031   -0.1113710827
   0.3400000000    0.7480272606   -0.1170804528
   0.3500000000    0.7468247452   -0.1228704986
   0.3600000000    0.7455653741   -0.1287290997
   0.3700000000    0.7442480235   -0.1346523977
   0.3800000000    0.7428716620   -0.1406363947
   0.3900000000    0.7414353611   -0.1466769706
   0.4000000000    0.7399383076   -0.1527699030
   0.4100000000    0.7383798153   -0.1589108905
   0.4200000000    0.7367593367   -0.1650955787
   0.4300000000    0.7350764762   -0.1713195900
   0.4400000000    0.7333310014   -0.1775785565
   0.4500000000    0.7315228560   -0.1838681570
   0.4600000000    0.7296521711   -0.1901841576
   0.4700000000    0.7277192765   -0.1965224567
   0.4800000000    0.7257247116   -0.2028791343
   0.4900000000    0.7236692348   -0.2092505055
   0.5000000000    0.7215411166   -0.2156344660
   0.5100000000    0.7193475140   -0.2220250561
   0.5200000000    0.7170932085   -0.2284183304
   0.5300000000    0.7147796814   -0.2348113743
   0.5400000000    0.7124086631   -0.2412017632
   0.5500000000    0.7099558719   -0.2475826749
   0.5600000000    0.7074433301   -0.2539522904
   0.5700000000    0.7048756514   -0.2603093505
   0.5800000000    0.7022489833   -0.2666509040
   0.5900000000    0.6995390375   -0.2729643493
   0.6000000000    0.6967775271   -0.2792569704
   0.6100000000    0.6939675268   -0.2855293779
   0.6200000000    0.6910668103   -0.2917573197
   0.6300000000    0.6881170564   -0.2979573775
   0.6400000000    0.6851217858   -0.3041315533
   0.6500000000    0.6820329002   -0.3102449842
   0.6600000000    0.6789033238   -0.3163288555
   0.6700000000    0.6757147844   -0.3223696106
   0.6800000000    0.6724501021   -0.3283482277
   0.6900000000    0.6691518839   -0.3342984919
   0.7000000000    0.6657654517   -0.3401690302
   0.7100000000    0.6623377642   -0.3459985258
   0.7200000000    0.6588510623   -0.3517693112
   0.7300000000    0.6552969718   -0.3574666550
   0.7400000000    0.6517093745   -0.3631274825
   0.7500000000    0.6480324985   -0.3686821260
   0.7600000000    0.6443384665   -0.3742158270
   0.7700000000    0.6405480945   -0.3796248446
   0.7800000000    0.6367400198   -0.3850089851
   0.7900000000    0.6328482701   -0.3902755387
   0.8000000000    0.6289310352   -0.3955032614
   0.8100000000    0.6249382876   -0.4006159276
   0.8200000000    0.6209171968   -0.4056818074
   0.8300000000    0.6168241425   -0.4106288967
   0.8400000000    0.6127048643   -0.4155290974
   0.8500000000    0.6085125316   -0.4202986762
   0.8600000000    0.6043010260   -0.4250311058
   0.8700000000    0.6000108073   -0.4296110217
   0.8800000000    0.5957132362   -0.4341754827
   0.8900000000    0.5913269162   -0.4385533938
   0.9000000000    0.5869405962   -0.4429313050
   0.9100000000    0.5824693197   -0.4471151353
   0.9200000000    0.5779891041   -0.4512785443
   0.9300000000    0.5734468963   -0.4552876399
   0.9400000000    0.5688754413   -0.4592239323
   0.9500000000    0.5642688221   -0.4630645118
   0.9600000000    0.5596092645   -0.4667609994
   0.9700000000    0.5549444298   -0.4704417080
   0.9800000000    0.5502004177   -0.4738856784
   0.9900000000    0.5454564057   -0.4773296488
   1.0000000000    0.5406587665   -0.4805964319
   1.0100000000    0.5358344899   -0.4837752036
   1.0200000000    0.5309940080   -0.4868943530
   1.0300000000    0.5260942291   -0.4897953372
   1.0400000000    0.5211944501   -0.4926963214
   1.0500000000    0.5162455377   -0.4953940003
   1.0600000000    0.5112756215   -0.4980047699
   1.0700000000    0.5062977304   -0.5005779394
   1.0800000000    0.5012636743   -0.5028863053
   1.0900000000    0.4962296182   -0.5051946712
   1.1000000000    0.4911677116   -0.5073507706
   1.1100000000    0.4860761735   -0.5093448665
   1.1200000000    0.4809846354   -0.5113389623
   1.1300000000    0.4758540170   -0.5130791672
   1.1400000000    0.4707123423   -0.5147475430
   1.1500000000    0.4655703466   -0.5164133504
   1.1600000000    0.4603865928   -0.5177450752
   1.1700000000    0.4552028391   -0.5190767999
   1.1800000000    0.4500135158   -0.5203504740
   1.1900000000    0.4447964745   -0.5213352493
   1.2000000000    0.4395794333   -0.5223200245
   1.2100000000    0.4343562936   -0.5232132348
   1.2200000000    0.4291155091   -0.5238415184
   1.2300000000    0.4238747245   -0.5244698020
   1.2400000000    0.4186302528   -0.5249978562
   1.2500000000    0.4133760356   -0.5252609979
   1.2600000000    0.4081218184   -0.5255241395
   1.2700000000    0.4028670887   -0.5257058444
   1.2800000000    0.3976105253   -0.5255962339
   1.2900000000    0.3923539620   -0.5254866234
   1.3000000000    0.3870982265   -0.5253440370
   1.3100000000    0.3818511817   -0.5248552654
   1.3200000000    0.3766041369   -0.5243664937
   1.3300000000    0.3713570921   -0.5238777220
   1.3400000000    0.3661295038   -0.5230515827
   1.3500000000    0.3609046161   -0.5221786173
   1.3600000000    0.3556797283   -0.5213056520
   1.3700000000    0.3504758188   -0.5202039644
   1.3800000000    0.3452864869   -0.5189433396
   1.3900000000    0.3400971549   -0.5176827149
   1.4000000000    0.3349187890   -0.5163361673
   1.4100000000    0.3297791484   -0.5146861903
   1.4200000000    0.3246395077   -0.5130362133
   1.4300000000    0.3194998671   -0.5113862363
   1.4400000000    0.3144097927   -0.5094374177
   1.4500000000    0.3093346802   -0.5073983913
   1.4600000000    0.3042595677   -0.5053593648
   1.4700000000    0.2992028835   -0.5032313230
   1.4800000000    0.2942077881   -0.5008057861
   1.4900000000    0.2892126926   -0.4983802492
   1.5000000000    0.2842175972   -0.4959547123
   1.5100000000    0.2792806472   -0.4932983467
   1.5200000000    0.2743816450   -0.4904913339
   1.5300000000    0.2694826428   -0.4876843211
   1.5400000000    0.2645836406   -0.4848773084
   1.5500000000    0.2597849564   -0.4817376048
   1.5600000000    0.2549986280   -0.4785569249
   1.5700000000    0.2502122996   -0.4753762449
   1.5800000000    0.2454368403   -0.4721651523
   1.5900000000    0.2407801670   -0.4686216875
   1.6000000000    0.2361234938   -0.4650782228
   1.6100000000    0.2314668205   -0.4615347580
   1.6200000000    0.2268370762   -0.4579274112
   1.6300000000    0.2223273135   -0.4540354387
   1.6400000000    0.2178175507   -0.4501434662
   1.6500000000    0.2133077879   -0.4462514937
   1.6600000000    0.2088286529   -0.4422979077
   1.6700000000    0.2044831765   -0.4380754425
   1.6800000000    0.2001377001   -0.4338529774
   1.6900000000    0.1957922237   -0.4296305122
   1.7000000000    0.1914632428   -0.4253800362
   1.7100000000    0.1872993660   -0.4208491983
   1.7200000000    0.1831354892   -0.4163183603
   1.7300000000    0.1789716124   -0.4117875224
   1.7400000000    0.1748077356   -0.4072566844
   1.7500000000    0.1708214524   -0.4024739339
   1.7600000000    0.1668562088   -0.3976613390
   1.7700000000    0.1628909653   -0.3928487441
   1.7800000000    0.1589257217   -0.3880361492
   1.7900000000    0.1550881941   -0.3830750030
   1.8000000000    0.1513380831   -0.3780121791
   1.8100000000    0.1475879722   -0.3729493551
   1.8200000000    0.1438378612   -0.3678865312
   1.8300000000    0.1401309157   -0.3627838060
   1.8400000000    0.1366116054   -0.3575076347
   1.8500000000    0.1330922951   -0.3522314635
   1.8600000000    0.1295729847   -0.3469552922
   1.8700000000    0.1260536744   -0.3416791210
   1.8800000000    0.1226990893   -0.3362883551
   1.8900000000    0.1194250721   -0.3308415405
   1.9000000000    0.1161510550   -0.3253947259
   1.9100000000    0.1128770378   -0.3199479113
   1.9200000000    0.1096145192   -0.3144956807
   1.9300000000    0.1065987154   -0.3089272439
   1.9400000000    0.1035829115   -0.3033588072
   1.9500000000    0.1005671076   -0.2977903704
   1.9600000000    0.0975513037   -0.2922219337
   1.9700000000    0.0946171012   -0.2866335560
   1.9800000000    0.0918704031   -0.2809993580
   1.9900000000    0.0891237050   -0.2753651600
   2.0000000000    0.0863770069   -0.2697309620
   2.0100000000    0.0836303088   -0.2640967639
   2.0200000000    0.0810070266   -0.2584614489
   2.0300000000    0.0785377789   -0.2528247397
   2.0400000000    0.0760685312   -0.2471880305
   2.0500000000    0.0735992836   -0.2415513213
   2.0600000000    0.0711300359   -0.2359146121
   2.0700000000    0.0687926212   -0.2303099476
   2.0800000000    0.0666060290   -0.2247419435
   2.0900000000    0.0644194369   -0.2191739394
   2.1000000000    0.0622328448   -0.2136059353
   2.1100000000    0.0600462526   -0.2080379312
   2.1200000000    0.0579633469   -0.2025241306
   2.1300000000    0.0560608049   -0.1971046178
   2.1400000000    0.0541582630   -0.1916851049
   2.1500000000    0.0522557210   -0.1862655920
   2.1600000000    0.0503531790   -0.1808460791
   2.1700000000    0.0484892982   -0.1754592538
   2.1800000000    0.0468676327   -0.1702772180
   2.1900000000    0.0452459671   -0.1650951822
   2.2000000000    0.0436243016   -0.1599131464
   2.2100000000    0.0420026360   -0.1547311106
   2.2200000000    0.0403809705   -0.1495490748
   2.2300000000    0.0389719957   -0.1446297516
   2.2400000000    0.0376226110   -0.1397840334
   2.2500000000    0.0362732264   -0.1349383151
   2.2600000000    0.0349238417   -0.1300925968
   2.2700000000    0.0335744570   -0.1252468786
   2.2800000000    0.0322989578   -0.1205987961
   2.2900000000    0.0312023119   -0.1164291281
   2.3000000000    0.0301056661   -0.1122594601
   2.3100000000    0.0290090202   -0.1080897920
   2.3200000000    0.0279123744   -0.1039201240
   2.3300000000    0.0268157285   -0.0997504560
   2.3400000000    0.0258613009   -0.0961325695
   2.3500000000    0.0249775694   -0.0927889715
   2.3600000000    0.0240938379   -0.0894453735
   2.3700000000    0.0232101064   -0.0861017755
   2.3800000000    0.0223263749   -0.0827581776
   2.3900000000    0.0214426434   -0.0794145796
   2.4000000000    0.0207168612   -0.0766803992
   2.4100000000    0.0200077253   -0.0740104451
   2.4200000000    0.0192985894   -0.0713404911
   2.4300000000    0.0185894535   -0.0686705370
   2.4400000000    0.0178803176   -0.0660005830
   2.4500000000    0.0171711817   -0.0633306289
   2.4600000000    0.0166044697   -0.0612072197
   2.4700000000    0.0160378998   -0.0590843558
   2.4800000000    0.0154713299   -0.0569614919
   2.4900000000    0.0149047600   -0.0548386279
   2.5000000000    0.0143381901   -0.0527157640
   2.5100000000    0.0137716202   -0.0505929001
   2.5200000000    0.0133148684   -0.0488892324
   2.5300000000    0.0128642040   -0.0472088019
   2.5400000000    0.0124135397   -0.0455283713
   2.5500000000    0.0119628754   -0.0438479408
   2.5600000000    0.0115122111   -0.0421675102
   2.5700000000    0.0110615468   -0.0404870797
   2.5800000000    0.0106809102   -0.0390725700
   2.5900000000    0.0103240563   -0.0377483717
   2.6000000000    0.0099672024   -0.0364241735
   2.6100000000    0.0096103485   -0.0350999752
   2.6200000000    0.0092534946   -0.0337757770
   2.6300000000    0.0088966407   -0.0324515787
   2.6400000000    0.0085694387   -0.0312393961
   2.6500000000    0.0082881658   -0.0302007194
   2.6600000000    0.0080068929   -0.0291620426
   2.6700000000    0.0077256199   -0.0281233659
   2.6800000000    0.0074443470   -0.0270846891
   2.6900000000    0.0071630741   -0.0260460124
   2.7000000000    0.0068818012   -0.0250073356
   2.7100000000    0.0066539399   -0.0241693613
   2.7200000000    0.0064332787   -0.0233584424
   2.7300000000    0.0062126175   -0.0225475235
   2.7400000000    0.0059919562   -0.0217366046
   2.7500000000    0.0057712950   -0.0209256857
   2.7600000000    0.0055506337   -0.0201147667
   2.7700000000    0.0053400973   -0.0193416790
   2.7800000000    0.0051678161   -0.0187115323
   2.7900000000    0.0049955349   -0.0180813855
   2.8000000000    0.0048232537   -0.0174512388
   2.8100000000    0.0046509725   -0.0168210921
   2.8200000000    0.0044786913   -0.0161909453
   2.8300000000    0.0043064101   -0.0155607986
   2.8400000000    0.0041484486   -0.0149838249
   2.8500000000    0.0040146049   -0.0144964076
   2.8600000000    0.0038807611   -0.0140089902
   2.8700000000    0.0037469174   -0.0135215728
   2.8800000000    0.0036130736   -0.0130341555
   2.8900000000    0.0034792298   -0.0125467381
   2.9000000000    0.0033453861   -0.0120593207
   2.9100000000    0.0032226972   -0.0116130359
   2.9200000000    0.0031192525   -0.0112377126
   2.9300000000    0.0030158079   -0.0108623893
   2.9400000000    0.0029123632   -0.0104870660
   2.9500000000    0.0028089186   -0.0101117426
   2.9600000000    0.0027054739   -0.0097364193
   2.9700000000    0.0026020293   -0.0093610960
   2.9800000000    0.0025030918   -0.0090022674
   2.9900000000    0.0024235821   -0.0087145372
   3.0000000000    0.0023440724   -0.0084268070
   3.0100000000    0.0022645627   -0.0081390768
   3.0200000000    0.0021850530   -0.0078513466
   3.0300000000    0.0021055433   -0.0075636164
   3.0400000000    0.0020260335   -0.0072758862
   3.0500000000    0.0019465238   -0.0069881560
   3.0600000000    0.0018826301   -0.0067571630
   3.0700000000    0.0018218815   -0.0065375970
   3.0800000000    0.0017611329   -0.0063180310
   3.0900000000    0.0017003843   -0.0060984650
   3.1000000000    0.0016396357   -0.0058788989
   3.1100000000    0.0015788870   -0.0056593329
   3.1200000000    0.0015181384   -0.0054397669
   3.1300000000    0.0014617028   -0.0052357899
   3.1400000000    0.0014155886   -0.0050691180
   3.1500000000    0.0013694743   -0.0049024461
   3.1600000000    0.0013233600   -0.0047357742
   3.1700000000    0.0012772458   -0.0045691023
   3.1800000000    0.0012311315   -0.0044024304
   3.1900000000    0.0011850172   -0.0042357585
   3.2000000000    0.0011389029   -0.0040690866
   3.2100000000    0.0010992681   -0.0039258079
   3.2200000000    0.0010645033   -0.0038001120
   3.2300000000    0.0010297385   -0.0036744162
   3.2400000000    0.0009949737   -0.0035487203
   3.2500000000    0.0009602089   -0.0034230244
   3.2600000000    0.0009254441   -0.0032973285
   3.2700000000    0.0008906793   -0.0031716327
   3.2800000000    0.0008559146   -0.0030459368
   3.2900000000    0.0008268841   -0.0029410353
   3.3000000000    0.0008008566   -0.0028470236
   3.3100000000    0.0007748291   -0.0027530119
   3.3200000000    0.0007488017   -0.0026590002
   3.3300000000    0.0007227742   -0.0025649885
   3.3400000000    0.0006967467   -0.0024709768
   3.3500000000    0.0006707192   -0.0023769651
   3.3600000000    0.0006446918   -0.0022829534
   3.3700000000    0.0006223054   -0.0022022433
   3.3800000000    0.0006029440   -0.0021325840
   3.3900000000    0.0005835826   -0.0020629248
   3.4000000000    0.0005642211   -0.0019932655
   3.4100000000    0.0005448597   -0.0019236062
   3.4200000000    0.0005254983   -0.0018539470
   3.4300000000    0.0005061369   -0.0017842877
   3.4400000000    0.0004867755   -0.0017146284
   3.4500000000    0.0004686026   -0.0016493246
   3.4600000000    0.0004542813   -0.0015981360
   3.4700000000    0.0004399600   -0.0015469474
   3.4800000000    0.0004256387   -0.0014957588
   3.4900000000    0.0004113175   -0.0014445702
   3.5000000000    0.0003969962   -0.0013933815
   3.5100000000    0.0003826749   -0.0013421929
   3.5200000000    0.0003683536   -0.0012910043
   3.5300000000    0.0003540323   -0.0012398157
   3.5400000000    0.0003424358   -0.0011985640
   3.5500000000    0.0003318982   -0.0011611742
   3.5600000000    0.0003213605   -0.0011237843
   3.5700000000    0.0003108229   -0.0010863945
   3.5800000000    0.0003002853   -0.0010490047
   3.5900000000    0.0002897477   -0.0010116148
   3.6000000000    0.0002792101   -0.0009742250
   3.6100000000    0.0002686725   -0.0009368352
   3.6200000000    0.0002581348   -0.0008994453
   3.6300000000    0.0002504062   -0.0008722026
   3.6400000000    0.0002426941   -0.0008450199
   3.6500000000    0.0002349821   -0.0008178372
   3.6600000000    0.0002272700   -0.0007906545
   3.6700000000    0.0002195580   -0.0007634718
   3.6800000000    0.0002118459   -0.0007362891
   3.6900000000    0.0002041339   -0.0007091064
   3.7000000000    0.0001964219   -0.0006819238
   3.7100000000    0.0001888202   -0.0006551361
   3.7200000000    0.0001832085   -0.0006354676
   3.7300000000    0.0001775967   -0.0006157992
   3.7400000000    0.0001719850   -0.0005961307
   3.7500000000    0.0001663732   -0.0005764622
   3.7600000000    0.0001607615   -0.0005567938
   3.7700000000    0.0001551497   -0.0005371253
   3.7800000000    0.0001495380   -0.0005174568
   3.7900000000    0.0001439262   -0.0004977884
   3.8000000000    0.0001383145   -0.0004781199
   3.8100000000    0.0001340855   -0.0004633588
   3.8200000000    0.0001300271   -0.0004492033
   3.8300000000    0.0001259687   -0.0004350477
   3.8400000000    0.0001219103   -0.0004208922
   3.8500000000    0.0001178519   -0.0004067366
   3.8600000000    0.0001137935   -0.0003925810
   3.8700000000    0.0001097351   -0.0003784255
   3.8800000000    0.0001056768   -0.0003642699
   3.8900000000    0.0001016184   -0.0003501143
   3.9000000000    0.0000981328   -0.0003379787
   3.9100000000    0.0000952168   -0.0003278512
   3.9200000000    0.0000923008   -0.0003177237
   3.9300000000    0.0000893848   -0.0003075962
   3.9400000000    0.0000864688   -0.0002974687
   3.9500000000    0.0000835528   -0.0002873412
   3.9600000000    0.0000806368   -0.0002772136
   3.9700000000    0.0000777208   -0.0002670861
   3.9800000000    0.0000748048   -0.0002569586
   3.9900000000    0.0000718888   -0.0002468311
   4.0000000000    0.0000697083   -0.0002392829
   4.0100000000    0.0000676273   -0.0002320835
   4.0200000000    0.0000655462   -0.0002248841
   4.0300000000    0.0000634652   -0.0002176847
   4.0400000000    0.0000613842   -0.0002104854
   4.0500000000    0.0000593031   -0.0002032860
   4.0600000000    0.0000572221   -0.0001960866
   4.0700000000    0.0000551411   -0.0001888872
   4.0800000000    0.0000530601   -0.0001816879
   4.0900000000    0.0000509927   -0.0001745363
   4.1000000000    0.0000495180   -0.0001694529
   4.1100000000    0.0000480433   -0.0001643696
   4.1200000000    0.0000465685   -0.0001592862
   4.1300000000    0.0000450938   -0.0001542029
   4.1400000000    0.0000436191   -0.0001491195
   4.1500000000    0.0000421443   -0.0001440361
   4.1600000000    0.0000406696   -0.0001389528
   4.1700000000    0.0000391948   -0.0001338694
   4.1800000000    0.0000377201   -0.0001287860
   4.1900000000    0.0000362454   -0.0001237027
   4.2000000000    0.0000351732   -0.0001200184
   4.2100000000    0.0000341357   -0.0001164543
   4.2200000000    0.0000330982   -0.0001128902
   4.2300000000    0.0000320606   -0.0001093261
   4.2400000000    0.0000310231   -0.0001057620
   4.2500000000    0.0000299856   -0.0001021980
   4.2600000000    0.0000289481   -0.0000986339
   4.2700000000    0.0000279105   -0.0000950698
   4.2800000000    0.0000268730   -0.0000915057
   4.2900000000    0.0000258355   -0.0000879416
   4.3000000000    0.0000249762   -0.0000849947
   4.3100000000    0.0000242517   -0.0000825140
   4.3200000000    0.0000235272   -0.0000800333
   4.3300000000    0.0000228027   -0.0000775526
   4.3400000000    0.0000220782   -0.0000750719
   4.3500000000    0.0000213537   -0.0000725912
   4.3600000000    0.0000206292   -0.0000701105
   4.3700000000    0.0000199047   -0.0000676298
   4.3800000000    0.0000191802   -0.0000651491
   4.3900000000    0.0000184557   -0.0000626684
   4.4000000000    0.0000177312   -0.0000601877
   4.4100000000    0.0000172209   -0.0000584454
   4.4200000000    0.0000167189   -0.0000567317
   4.4300000000    0.0000162168   -0.0000550181
   4.4400000000    0.0000157148   -0.0000533044
   4.4500000000    0.0000152128   -0.0000515907
   4.4600000000    0.0000147108   -0.0000498771
   4.4700000000    0.0000142087   -0.0000481634
   4.4800000000    0.0000137067   -0.0000464497
   4.4900000000    0.0000132047   -0.0000447360
   4.5000000000    0.0000127026   -0.0000430224
   4.5100000000    0.0000122153   -0.0000413592
   4.5200000000    0.0000118702   -0.0000401846
   4.5300000000    0.0000115251   -0.0000390100
   4.5400000000    0.0000111799   -0.0000378353
   4.5500000000    0.0000108348   -0.0000366607
   4.5600000000    0.0000104897   -0.0000354860
   4.5700000000    0.0000101445   -0.0000343114
   4.5800000000    0.0000097994   -0.0000331368
   4.5900000000    0.0000094543   -0.0000319621
   4.6000000000    0.0000091092   -0.0000307875
   4.6100000000    0.0000087640   -0.0000296128
   4.6200000000    0.0000084189   -0.0000284382
   4.6300000000    0.0000081788   -0.0000276230
   4.6400000000    0.0000079434   -0.0000268243
   4.6500000000    0.0000077081   -0.0000260256
   4.6600000000    0.0000074728   -0.0000252268
   4.6700000000    0.0000072374   -0.0000244281
   4.6800000000    0.0000070021   -0.0000236293
   4.6900000000    0.0000067668   -0.0000228306
   4.7000000000    0.0000065314   -0.0000220318
   4.7100000000    0.0000062961   -0.0000212331
   4.7200000000    0.0000060608   -0.0000204343
   4.7300000000    0.0000058254   -0.0000196356
   4.7400000000    0.0000056315   -0.0000189783
   4.7500000000    0.0000054724   -0.0000184396
   4.7600000000    0.0000053133   -0.0000179010
   4.7700000000    0.0000051541   -0.0000173623
   4.7800000000    0.0000049950   -0.0000168236
   4.7900000000    0.0000048359   -0.0000162849
   4.8000000000    0.0000046767   -0.0000157462
   4.8100000000    0.0000045176   -0.0000152076
   4.8200000000    0.0000043585   -0.0000146689
   4.8300000000    0.0000041994   -0.0000141302
   4.8400000000    0.0000040402   -0.0000135915
   4.8500000000    0.0000038811   -0.0000130529
   4.8600000000    0.0000037665   -0.0000126658
   4.8700000000    0.0000036599   -0.0000123056
   4.8800000000    0.0000035532   -0.0000119454
   4.8900000000    0.0000034465   -0.0000115851
   4.9000000000    0.0000033398   -0.0000112249
   4.9100000000    0.0000032332   -0.0000108647
   4.9200000000    0.0000031265   -0.0000105045
   4.9300000000    0.0000030198   -0.0000101443
   4.9400000000    0.0000029131   -0.0000097841
   4.9500000000    0.0000028065   -0.0000094239
   4.9600000000    0.0000026998   -0.0000090636
   4.9700000000    0.0000025931   -0.0000087034
   4.9800000000    0.0000025174   -0.0000084484
   4.9900000000    0.0000024466   -0.0000082096
   5.0000000000    0.0000023757   -0.0000079708
   5.0100000000    0.0000023048   -0.0000077321
   5.0200000000    0.0000022339   -0.0000074933
   5.0300000000    0.0000021630   -0.0000072545
   5.0400000000    0.0000020922   -0.0000070157
   5.0500000000    0.0000020213   -0.0000067769
   5.0600000000    0.0000019504   -0.0000065382
   5.0700000000    0.0000018795   -0.0000062994
   5.0800000000    0.0000018086   -0.0000060606
   5.0900000000    0.0000017378   -0.0000058218
   5.1000000000    0.0000016811   -0.0000056311
   5.1100000000    0.0000016344   -0.0000054743
   5.1200000000    0.0000015878   -0.0000053174
   5.1300000000    0.0000015411   -0.0000051605
   5.1400000000    0.0000014944   -0.0000050037
   5.1500000000    0.0000014478   -0.0000048468
   5.1600000000    0.0000014011   -0.0000046899
   5.1700000000    0.0000013544   -0.0000045331
   5.1800000000    0.0000013078   -0.0000043762
   5.1900000000    0.0000012611   -0.0000042194
   5.2000000000    0.0000012144   -0.0000040625
   5.2100000000    0.0000011678   -0.0000039056
   5.2200000000    0.0000011212   -0.0000037490
   5.2300000000    0.0000010907   -0.0000036469
   5.2400000000    0.0000010603   -0.0000035448
   5.2500000000    0.0000010299   -0.0000034427
   5.2600000000    0.0000009994   -0.0000033406
   5.2700000000    0.0000009690   -0.0000032385
   5.2800000000    0.0000009386   -0.0000031364
   5.2900000000    0.0000009081   -0.0000030343
   5.3000000000    0.0000008777   -0.0000029322
   5.3100000000    0.0000008472   -0.0000028301
   5.3200000000    0.0000008168   -0.0000027280
   5.3300000000    0.0000007864   -0.0000026259
   5.3400000000    0.0000007559   -0.0000025238
   5.3500000000    0.0000007267   -0.0000024257
   5.3600000000    0.0000007070   -0.0000023599
   5.3700000000    0.0000006874   -0.0000022941
   5.3800000000    0.0000006677   -0.0000022283
   5.3900000000    0.0000006480   -0.0000021625
   5.4000000000    0.0000006284   -0.0000020966
   5.4100000000    0.0000006087   -0.0000020308
   5.4200000000    0.0000005891   -0.0000019650
   5.4300000000    0.0000005694   -0.0000018992
   5.4400000000    0.0000005497   -0.0000018333
   5.4500000000    0.0000005301   -0.0000017675
   5.4600000000    0.0000005104   -0.0000017017
   5.4700000000    0.0000004907   -0.0000016359
   5.4800000000    0.0000004711   -0.0000015700
   5.4900000000    0.0000004578   -0.0000015256
   5.5000000000    0.0000004452   -0.0000014836
   5.5100000000    0.0000004327   -0.0000014416
   5.5200000000    0.0000004201   -0.0000013996
   5.5300000000    0.0000004075   -0.0000013575
   5.5400000000    0.0000003949   -0.0000013155
   5.5500000000    0.0000003823   -0.0000012735
   5.5600000000    0.0000003698   -0.0000012315
   5.5700000000    0.0000003572   -0.0000011894
   5.5800000000    0.0000003446   -0.0000011474
   5.5900000000    0.0000003320   -0.0000011054
   5.6000000000    0.0000003195   -0.0000010634
   5.6100000000    0.0000003069   -0.0000010214
   5.6200000000    0.0000002960   -0.0000009849
   5.6300000000    0.0000002880   -0.0000009584
   5.6400000000    0.0000002801   -0.0000009318
   5.6500000000    0.0000002721   -0.0000009053
   5.6600000000    0.0000002641   -0.0000008787
   5.6700000000    0.0000002562   -0.0000008521
   5.6800000000    0.0000002482   -0.0000008256
   5.6900000000    0.0000002403   -0.0000007990
   5.7000000000    0.0000002323   -0.0000007725
   5.7100000000    0.0000002243   -0.0000007459
   5.7200000000    0.0000002164   -0.0000007194
   5.7300000000    0.0000002084   -0.0000006928
   5.7400000000    0.0000002005   -0.0000006662
   5.7500000000    0.0000001925   -0.0000006397
   5.7600000000    0.0000001860   -0.0000006180
   5.7700000000    0.0000001810   -0.0000006014
   5.7800000000    0.0000001760   -0.0000005848
   5.7900000000    0.0000001710   -0.0000005682
   5.8000000000    0.0000001660   -0.0000005516
   5.8100000000    0.0000001611   -0.0000005349
   5.8200000000    0.0000001561   -0.0000005183
   5.8300000000    0.0000001511   -0.0000005017
   5.8400000000    0.0000001461   -0.0000004851
   5.8500000000    0.0000001411   -0.0000004685
   5.8600000000    0.0000001361   -0.0000004519
   5.8700000000    0.0000001311   -0.0000004353
   5.8800000000    0.0000001261   -0.0000004187
   5.8900000000    0.0000001212   -0.0000004021
   5.9000000000    0.0000001167   -0.0000003872
   5.9100000000    0.0000001136   -0.0000003769
   5.9200000000    0.0000001105   -0.0000003666
   5.9300000000    0.0000001074   -0.0000003563
   5.9400000000    0.0000001043   -0.0000003461
   5.9500000000    0.0000001012   -0.0000003358
   5.9600000000    0.0000000981   -0.0000003255
   5.9700000000    0.0000000950   -0.0000003152
   5.9800000000    0.0000000920   -0.0000003050
   5.9900000000    0.0000000889   -0.0000002947
   6.0000000000    0.0000000858   -0.0000002844
   6.0100000000    0.0000000827   -0.0000002741
   6.0200000000    0.0000000796   -0.0000002638
   6.0300000000    0.0000000765   -0.0000002536
   6.0400000000    0.0000000734   -0.0000002433
   6.0500000000    0.0000000712   -0.0000002358
   6.0600000000    0.0000000693   -0.0000002295
   6.0700000000    0.0000000674   -0.0000002232
   6.0800000000    0.0000000655   -0.0000002170
   6.0900000000    0.0000000636   -0.0000002107
   6.1000000000    0.0000000617   -0.0000002044
   6.1100000000    0.0000000598   -0.0000001981
   6.1200000000    0.0000000579   -0.0000001918
   6.1300000000    0.0000000560   -0.0000001855
   6.1400000000    0.0000000541   -0.0000001792
   6.1500000000    0.0000000522   -0.0000001729
   6.1600000000    0.0000000503   -0.0000001666
   6.1700000000    0.0000000484   -0.0000001603
   6.1800000000    0.0000000465   -0.0000001540
   6.1900000000    0.0000000446   -0.0000001478
   6.2000000000    0.0000000433   -0.0000001434
   6.2100000000    0.0000000422   -0.0000001396
   6.2200000000    0.0000000410   -0.0000001358
   6.2300000000    0.0000000399   -0.0000001320
   6.2400000000    0.0000000387   -0.0000001282
   6.2500000000    0.0000000376   -0.0000001244
   6.2600000000    0.0000000364   -0.0000001206
   6.2700000000    0.0000000353   -0.0000001168
   6.2800000000    0.0000000341   -0.0000001130
   6.2900000000    0.0000000330   -0.0000001091
   6.3000000000    0.0000000318   -0.0000001053
   6.3100000000    0.0000000307   -0.0000001015
   6.3200000000    0.0000000296   -0.0000000977
   6.3300000000    0.0000000284   -0.0000000939
   6.3400000000    0.0000000273   -0.0000000901
   6.3500000000    0.0000000263   -0.0000000870
   6.3600000000    0.0000000256   -0.0000000848
   6.3700000000    0.0000000250   -0.0000000825
   6.3800000000    0.0000000243   -0.0000000802
   6.3900000000    0.0000000236   -0.0000000779
   6.4000000000    0.0000000229   -0.0000000757
   6.4100000000    0.0000000222   -0.0000000734
   6.4200000000    0.0000000215   -0.0000000711
   6.4300000000    0.0000000208   -0.0000000688
   6.4400000000    0.0000000201   -0.0000000666
   6.4500000000    0.0000000195   -0.0000000643
   6.4600000000    0.0000000188   -0.0000000620
   6.4700000000    0.0000000181   -0.0000000597
   6.4800000000    0.0000000174   -0.0000000574
   6.4900000000    0.0000000167   -0.0000000552
   6.5000000000    0.0000000160   -0.0000000529
   6.5100000000    0.0000000156   -0.0000000514
   6.5200000000    0.0000000151   -0.0000000500
   6.5300000000    0.0000000147   -0.0000000487
   6.5400000000    0.0000000143   -0.0000000473
   6.5500000000    0.0000000139   -0.0000000460
   6.5600000000    0.0000000135   -0.0000000446
   6.5700000000    0.0000000131   -0.0000000433
   6.5800000000    0.0000000127   -0.0000000419
   6.5900000000    0.0000000123   -0.0000000406
   6.6000000000    0.0000000119   -0.0000000393
   6.6100000000    0.0000000115   -0.0000000379
   6.6200000000    0.0000000111   -0.0000000366
   6.6300000000    0.0000000107   -0.0000000352
   6.6400000000    0.0000000103   -0.0000000339
   6.6500000000    0.0000000099   -0.0000000325
   6.6600000000    0.0000000094   -0.0000000312
   6.6700000000    0.0000000092   -0.0000000303
   6.6800000000    0.0000000089   -0.0000000295
   6.6900000000    0.0000000087   -0.0000000287
   6.7000000000    0.0000000085   -0.0000000279
   6.7100000000    0.0000000082   -0.0000000271
   6.7200000000    0.0000000080   -0.0000000263
   6.7300000000    0.0000000077   -0.0000000255
   6.7400000000    0.0000000075   -0.0000000248
   6.7500000000    0.0000000073   -0.0000000240
   6.7600000000    0.0000000070   -0.0000000232
   6.7700000000    0.0000000068   -0.0000000224
   6.7800000000    0.0000000066   -0.0000000216
   6.7900000000    0.0000000063   -0.0000000208
   6.8000000000    0.0000000061   -0.0000000200
   6.8100000000    0.0000000058   -0.0000000192
   6.8200000000    0.0000000056   -0.0000000185
   6.8300000000    0.0000000054   -0.0000000178
   6.8400000000    0.0000000053   -0.0000000173
   6.8500000000    0.0000000051   -0.0000000169
   6.8600000000    0.0000000050   -0.0000000164
   6.8700000000    0.0000000048   -0.0000000160
   6.8800000000    0.0000000047   -0.0000000155
   6.8900000000    0.0000000046   -0.0000000151
   6.9000000000    0.0000000044   -0.0000000146
   6.9100000000    0.0000000043   -0.0000000141
   6.9200000000    0.0000000042   -0.0000000137
   6.9300000000    0.0000000040   -0.0000000132
   6.9400000000    0.0000000039   -0.0000000128
   6.9500000000    0.0000000037   -0.0000000123
   6.9600000000    0.0000000036   -0.0000000119
   6.9700000000    0.0000000035   -0.0000000114
   6.9800000000    0.0000000033   -0.0000000110
   6.9900000000    0.0000000032   -0.0000000105
   7.0000000000    0.0000000031   -0.0000000102
   7.0100000000    0.0000000030   -0.0000000099
   7.0200000000    0.0000000029   -0.0000000096
   7.0300000000    0.0000000028   -0.0000000094
   7.0400000000    0.0000000028   -0.0000000091
   7.0500000000    0.0000000027   -0.0000000089
   7.0600000000    0.0000000026   -0.0000000086
   7.0700000000    0.0000000025   -0.0000000083
   7.0800000000    0.0000000025   -0.0000000081
   7.0900000000    0.0000000024   -0.0000000078
   7.1000000000    0.0000000023   -0.0000000076
   7.1100000000    0.0000000022   -0.0000000073
   7.1200000000    0.0000000021   -0.0000000071
   7.1300000000    0.0000000021   -0.0000000068
   7.1400000000    0.0000000020   -0.0000000065
   7.1500000000    0.0000000019   -0.0000000063
   7.1600000000    0.0000000018   -0.0000000060
   7.1700000000    0.0000000018   -0.0000000058
   7.1800000000    0.0000000017   -0.0000000056
   7.1900000000    0.0000000017   -0.0000000055
   7.2000000000    0.0000000016   -0.0000000054
   7.2100000000    0.0000000016   -0.0000000052
   7.2200000000    0.0000000015   -0.0000000051
   7.2300000000    0.0000000015   -0.0000000049
   7.2400000000    0.0000000015   -0.0000000048
   7.2500000000    0.0000000014   -0.0000000046
   7.2600000000    0.0000000014   -0.0000000045
   7.2700000000    0.0000000013   -0.0000000043
   7.2800000000    0.0000000013   -0.0000000042
   7.2900000000    0.0000000012   -0.0000000040
   7.3000000000    0.0000000012   -0.0000000039
   7.3100000000    0.0000000011   -0.0000000038
   7.3200000000    0.0000000011   -0.0000000036
   7.3300000000    0.0000000011   -0.0000000035
   7.3400000000    0.0000000010   -0.0000000033
   7.3500000000    0.0000000010   -0.0000000032
   7.3600000000    0.0000000010   -0.0000000031
   7.3700000000    0.0000000009   -0.0000000030
   7.3800000000    0.0000000009   -0.0000000030
   7.3900000000    0.0000000009   -0.0000000029
   7.4000000000    0.0000000009   -0.0000000028
   7.4100000000    0.0000000008   -0.0000000027
   7.4200000000    0.0000000008   -0.0000000026
   7.4300000000    0.0000000008   -0.0000000026
   7.4400000000    0.0000000008   -0.0000000025
   7.4500000000    0.0000000007   -0.0000000024
   7.4600000000    0.0000000007   -0.0000000023
   7.4700000000    0.0000000007   -0.0000000022
   7.4800000000    0.0000000007   -0.0000000022
   7.4900000000    0.0000000006   -0.0000000021
   7.5000000000    0.0000000006   -0.0000000020
   7.5100000000    0.0000000006   -0.0000000019
   7.5200000000    0.0000000006   -0.0000000018
   7.5300000000    0.0000000005   -0.0000000018
   7.5400000000    0.0000000005   -0.0000000017
   7.5500000000    0.0000000005   -0.0000000017
   7.5600000000    0.0000000005   -0.0000000016
   7.5700000000    0.0000000005   -0.0000000016
   7.5800000000    0.0000000005   -0.0000000016
   7.5900000000    0.0000000005   -0.0000000015
   7.6000000000    0.0000000004   -0.0000000015
   7.6100000000    0.0000000004   -0.0000000014
   7.6200000000    0.0000000004   -0.0000000014
   7.6300000000    0.0000000004   -0.0000000013
   7.6400000000    0.0000000004   -0.0000000013
   7.6500000000    0.0000000004   -0.0000000012
   7.6600000000    0.0000000004   -0.0000000012
   7.6700000000    0.0000000004   -0.0000000012
   7.6800000000    0.0000000003   -0.0000000011
   7.6900000000    0.0000000003   -0.0000000011
   7.7000000000    0.0000000003   -0.0000000010
   7.7100000000    0.0000000003   -0.0000000010
   7.7200000000    0.0000000003   -0.0000000010
   7.7300000000    0.0000000003   -0.0000000009
   7.7400000000    0.0000000003   -0.0000000009
   7.7500000000    0.0000000003   -0.0000000009
   7.7600000000    0.0000000003   -0.0000000009
   7.7700000000    0.0000000003   -0.0000000008
   7.7800000000    0.0000000002   -0.0000000008
   7.7900000000    0.0000000002   -0.0000000008
   7.8000000000    0.0000000002   -0.0000000008
   7.8100000000    0.0000000002   -0.0000000007
   7.8200000000    0.0000000002   -0.0000000007
   7.8300000000    0.0000000002   -0.0000000007
   7.8400000000    0.0000000002   -0.0000000007
   7.8500000000    0.0000000002   -0.0000000006
   7.8600000000    0.0000000002   -0.0000000006
   7.8700000000    0.0000000002   -0.0000000006
   7.8800000000    0.0000000002   -0.0000000006
   7.8900000000    0.0000000002   -0.0000000005
   7.9000000000    0.0000000002   -0.0000000005
   7.9100000000    0.0000000002   -0.0000000005
   7.9200000000    0.0000000002   -0.0000000005
   7.9300000000    0.0000000001   -0.0000000005
   7.9400000000    0.0000000001   -0.0000000005
   7.9500000000    0.0000000001   -0.0000000005
   7.9600000000    0.0000000001   -0.0000000004
   7.9700000000    0.0000000001   -0.0000000004
   7.9800000000    0.0000000001   -0.0000000004
   7.9900000000    0.0000000001   -0.0000000004
   8.0000000000    0.0000000001   -0.0000000004
   8.0100000000    0.0000000001   -0.0000000004
   8.0200000000    0.0000000001   -0.0000000004
   8.0300000000    0.0000000001   -0.0000000004
   8.0400000000    0.0000000001   -0.0000000003
   8.0500000000    0.0000000001   -0.0000000003
   8.0600000000    0.0000000001   -0.0000000003
   8.0700000000    0.0000000001   -0.0000000003
   8.0800000000    0.0000000001   -0.0000000003
   8.0900000000    0.0000000001   -0.0000000003
   8.1000000000    0.0000000001   -0.0000000003
   8.1100000000    0.0000000001   -0.0000000003
   8.1200000000    0.0000000001   -0.0000000003
   8.1300000000    0.0000000001   -0.0000000003
   8.1400000000    0.0000000001   -0.0000000002
   8.1500000000    0.0000000001   -0.0000000002
   8.1600000000    0.0000000001   -0.0000000002
   8.1700000000    0.0000000001   -0.0000000002
   8.1800000000    0.0000000001   -0.0000000002
   8.1900000000    0.0000000001   -0.0000000002
   8.2000000000    0.0000000001   -0.0000000002
   8.2100000000    0.0000000001   -0.0000000002
   8.2200000000    0.0000000001   -0.0000000002
   8.2300000000    0.0000000001   -0.0000000002
   8.2400000000    0.0000000001   -0.0000000002
   8.2500000000    0.0000000001   -0.0000000002
   8.2600000000    0.0000000001   -0.0000000002
   8.2700000000    0.0000000000   -0.0000000002
   8.2800000000    0.0000000000   -0.0000000002
   8.2900000000    0.0000000000   -0.0000000001
   8.3000000000    0.0000000000   -0.0000000001
   8.3100000000    0.0000000000   -0.0000000001
   8.3200000000    0.0000000000   -0.0000000001
   8.3300000000    0.0000000000   -0.0000000001
   8.3400000000    0.0000000000   -0.0000000001
   8.3500000000    0.0000000000   -0.0000000001
   8.3600000000    0.0000000000   -0.0000000001
   8.3700000000    0.0000000000   -0.0000000001
   8.3800000000    0.0000000000   -0.0000000001
   8.3900000000    0.0000000000   -0.0000000001
   8.4000000000    0.0000000000   -0.0000000001
   8.4100000000    0.0000000000   -0.0000000001
   8.4200000000    0.0000000000   -0.0000000001
   8.4300000000    0.0000000000   -0.0000000001
   8.4400000000    0.0000000000   -0.0000000001
   8.4500000000    0.0000000000   -0.0000000001
   8.4600000000    0.0000000000   -0.0000000001
   8.4700000000    0.0000000000   -0.0000000001
   8.4800000000    0.0000000000   -0.0000000001
   8.4900000000    0.0000000000   -0.0000000001
   8.5000000000    0.0000000000   -0.0000000001
   8.5100000000    0.0000000000   -0.0000000001
   8.5200000000    0.0000000000   -0.0000000001
   8.5300000000    0.0000000000   -0.0000000001
   8.5400000000    0.0000000000   -0.0000000001
   8.5500000000    0.0000000000   -0.0000000001
   8.5600000000    0.0000000000   -0.0000000001
   8.5700000000    0.0000000000   -0.0000000001
   8.5800000000    0.0000000000   -0.0000000001
   8.5900000000    0.0000000000   -0.0000000001
   8.6000000000    0.0000000000   -0.0000000001
   8.6100000000    0.0000000000   -0.0000000001
   8.6200000000    0.0000000000   -0.0000000001
   8.6300000000    0.0000000000   -0.0000000001
   8.6400000000    0.0000000000   -0.0000000000
   8.6500000000    0.0000000000   -0.0000000000
   8.6600000000    0.0000000000   -0.0000000000
   8.6700000000    0.0000000000   -0.0000000000
   8.6800000000    0.0000000000   -0.0000000000
   8.6900000000    0.0000000000   -0.0000000000
   8.7000000000    0.0000000000   -0.0000000000
   8.7100000000    0.0000000000   -0.0000000000
   8.7200000000    0.0000000000   -0.0000000000
   8.7300000000    0.0000000000   -0.0000000000
   8.7400000000    0.0000000000   -0.0000000000
   8.7500000000    0.0000000000   -0.0000000000
   8.7600000000    0.0000000000   -0.0000000000
   8.7700000000    0.0000000000   -0.0000000000
   8.7800000000    0.0000000000   -0.0000000000
   8.7900000000    0.0000000000   -0.0000000000
   8.8000000000    0.0000000000   -0.0000000000
   8.8100000000    0.0000000000   -0.0000000000
   8.8200000000    0.0000000000   -0.0000000000
   8.8300000000    0.0000000000   -0.0000000000
   8.8400000000    0.0000000000   -0.0000000000
   8.8500000000    0.0000000000   -0.0000000000
   8.8600000000    0.0000000000   -0.0000000000
   8.8700000000    0.0000000000   -0.0000000000
   8.8800000000    0.0000000000   -0.0000000000
   8.8900000000    0.0000000000   -0.0000000000
   8.9000000000    0.0000000000   -0.0000000000
   8.9100000000    0.0000000000   -0.0000000000
   8.9200000000    0.0000000000   -0.0000000000
   8.9300000000    0.0000000000   -0.0000000000
   8.9400000000    0.0000000000   -0.0000000000
   8.9500000000    0.0000000000   -0.0000000000
   8.9600000000    0.0000000000   -0.0000000000
   8.9700000000    0.0000000000   -0.0000000000
   8.9800000000    0.0000000000   -0.0000000000
   8.9900000000    0.0000000000   -0.0000000000
   9.0000000000    0.0000000000   -0.0000000000
   9.0100000000    0.0000000000   -0.0000000000
   9.0200000000    0.0000000000   -0.0000000000
   9.0300000000    0.0000000000   -0.0000000000
   9.0400000000    0.0000000000   -0.0000000000
   9.0500000000    0.0000000000   -0.0000000000
   9.0600000000    0.0000000000   -0.0000000000
   9.0700000000    0.0000000000   -0.0000000000
   9.0800000000    0.0000000000   -0.0000000000
   9.0900000000    0.0000000000   -0.0000000000
   9.1000000000    0.0000000000   -0.0000000000
   9.1100000000    0.0000000000   -0.0000000000
   9.1200000000    0.0000000000   -0.0000000000
   9.1300000000    0.0000000000   -0.0000000000
   9.1400000000    0.0000000000   -0.0000000000
   9.1500000000    0.0000000000   -0.0000000000
   9.1600000000    0.0000000000   -0.0000000000
   9.1700000000    0.0000000000   -0.0000000000
   9.1800000000    0.0000000000   -0.0000000000
   9.1900000000    0.0000000000   -0.0000000000
   9.2000000000    0.0000000000   -0.0000000000
   9.2100000000    0.0000000000   -0.0000000000
   9.2200000000    0.0000000000   -0.0000000000
   9.2300000000    0.0000000000   -0.0000000000
   9.2400000000    0.0000000000   -0.0000000000
   9.2500000000    0.0000000000   -0.0000000000
   9.2600000000    0.0000000000   -0.0000000000
   9.2700000000    0.0000000000   -0.0000000000
   9.2800000000    0.0000000000   -0.0000000000
   9.2900000000    0.0000000000   -0.0000000000
   9.3000000000    0.0000000000   -0.0000000000
   9.3100000000    0.0000000000   -0.0000000000
   9.3200000000    0.0000000000   -0.0000000000
   9.3300000000    0.0000000000   -0.0000000000
   9.3400000000    0.0000000000   -0.0000000000
   9.3500000000    0.0000000000   -0.0000000000
   9.3600000000    0.0000000000   -0.0000000000
   9.3700000000    0.0000000000   -0.0000000000
   9.3800000000    0.0000000000   -0.0000000000
   9.3900000000    0.0000000000   -0.0000000000
   9.4000000000    0.0000000000   -0.0000000000
   9.4100000000    0.0000000000   -0.0000000000
   9.4200000000    0.0000000000   -0.0000000000
   9.4300000000    0.0000000000   -0.0000000000
   9.4400000000    0.0000000000   -0.0000000000
   9.4500000000    0.0000000000   -0.0000000000
   9.4600000000    0.0000000000   -0.0000000000
   9.4700000000    0.0000000000   -0.0000000000
   9.4800000000    0.0000000000   -0.0000000000
   9.4900000000    0.0000000000   -0.0000000000
   9.5000000000    0.0000000000   -0.0000000000
   9.5100000000    0.0000000000   -0.0000000000
   9.5200000000    0.0000000000   -0.0000000000
   9.5300000000    0.0000000000   -0.0000000000
   9.5400000000    0.0000000000   -0.0000000000
   9.5500000000    0.0000000000   -0.0000000000
   9.5600000000    0.0000000000   -0.0000000000
   9.5700000000    0.0000000000   -0.0000000000
   9.5800000000    0.0000000000   -0.0000000000
   9.5900000000    0.0000000000   -0.0000000000
   9.6000000000    0.0000000000   -0.0000000000
   9.6100000000    0.0000000000   -0.0000000000
   9.6200000000    0.0000000000   -0.0000000000
   9.6300000000    0.0000000000   -0.0000000000
   9.6400000000    0.0000000000   -0.0000000000
   9.6500000000    0.0000000000   -0.0000000000
   9.6600000000    0.0000000000   -0.0000000000
   9.6700000000    0.0000000000   -0.0000000000
   9.6800000000    0.0000000000   -0.0000000000
   9.6900000000    0.0000000000   -0.0000000000
   9.7000000000    0.0000000000   -0.0000000000
   9.7100000000    0.0000000000   -0.0000000000
   9.7200000000    0.0000000000   -0.0000000000
   9.7300000000    0.0000000000   -0.0000000000
   9.7400000000    0.0000000000   -0.0000000000
   9.7500000000    0.0000000000   -0.0000000000
   9.7600000000    0.0000000000   -0.0000000000
   9.7700000000    0.0000000000   -0.0000000000
   9.7800000000    0.0000000000   -0.0000000000
   9.7900000000    0.0000000000   -0.0000000000
   9.8000000000    0.0000000000   -0.0000000000
   9.8100000000    0.0000000000   -0.0000000000
   9.8200000000    0.0000000000   -0.0000000000
   9.8300000000    0.0000000000   -0.0000000000
   9.8400000000    0.0000000000   -0.0000000000
   9.8500000000    0.0000000000   -0.0000000000
   9.8600000000    0.0000000000   -0.0000000000
   9.8700000000    0.0000000000   -0.0000000000
   9.8800000000    0.0000000000   -0.0000000000
   9.8900000000    0.0000000000   -0.0000000000
   9.9000000000    0.0000000000   -0.0000000000
   9.9100000000    0.0000000000   -0.0000000000
   9.9200000000    0.0000000000   -0.0000000000
   9.9300000000    0.0000000000   -0.0000000000
   9.9400000000    0.0000000000   -0.0000000000
   9.9500000000    0.0000000000   -0.0000000000
   9.9600000000    0.0000000000   -0.0000000000
   9.9700000000    0.0000000000   -0.0000000000
   9.9800000000    0.0000000000   -0.0000000000
   9.9900000000    0.0000000000   -0.0000000000
  10.0000000000    0.0000000000   -0.0000000000
  10.0100000000    0.0000000000   -0.0000000000
  10.0200000000    0.0000000000   -0.0000000000
  10.0300000000    0.0000000000   -0.0000000000
  10.0400000000    0.0000000000   -0.0000000000
  10.0500000000    0.0000000000   -0.0000000000
  10.0600000000    0.0000000000   -0.0000000000
  10.0700000000    0.0000000000   -0.0000000000
  10.0800000000    0.0000000000   -0.0000000000
  10.0900000000    0.0000000000   -0.0000000000
  10.1000000000    0.0000000000   -0.0000000000
  10.1100000000    0.0000000000   -0.0000000000
  10.1200000000    0.0000000000   -0.0000000000
  10.1300000000    0.0000000000   -0.0000000000
  10.1400000000    0.0000000000   -0.0000000000
  10.1500000000    0.0000000000   -0.0000000000
  10.1600000000    0.0000000000   -0.0000000000
  10.1700000000    0.0000000000   -0.0000000000
  10.1800000000    0.0000000000   -0.0000000000
  10.1900000000    0.0000000000   -0.0000000000
  10.2000000000    0.0000000000   -0.0000000000
  10.2100000000    0.0000000000   -0.0000000000
  10.2200000000    0.0000000000   -0.0000000000
  10.2300000000    0.0000000000   -0.0000000000
  10.2400000000    0.0000000000   -0.0000000000
  10.2500000000    0.0000000000   -0.0000000000
  10.2600000000    0.0000000000   -0.0000000000
  10.2700000000    0.0000000000   -0.0000000000
  10.2800000000    0.0000000000   -0.0000000000
  10.2900000000    0.0000000000   -0.0000000000
  10.3000000000    0.0000000000   -0.0000000000
  10.3100000000    0.0000000000   -0.0000000000
  10.3200000000    0.0000000000   -0.0000000000
  10.3300000000    0.0000000000   -0.0000000000
  10.3400000000    0.0000000000   -0.0000000000
  10.3500000000    0.0000000000   -0.0000000000
  10.3600000000    0.0000000000   -0.0000000000
  10.3700000000    0.0000000000   -0.0000000000
  10.3800000000    0.0000000000   -0.0000000000
  10.3900000000    0.0000000000   -0.0000000000
  10.4000000000    0.0000000000   -0.0000000000
  10.4100000000    0.0000000000   -0.0000000000
  10.4200000000    0.0000000000   -0.0000000000
  10.4300000000    0.0000000000   -0.0000000000
  10.4400000000    0.0000000000   -0.0000000000
  10.4500000000    0.0000000000   -0.0000000000
  10.4600000000    0.0000000000   -0.0000000000
  10.4700000000    0.0000000000   -0.0000000000
  10.4800000000    0.0000000000   -0.0000000000
  10.4900000000    0.0000000000   -0.0000000000
  10.5000000000    0.0000000000   -0.0000000000
  10.5100000000    0.0000000000   -0.0000000000
  10.5200000000    0.0000000000   -0.0000000000
  10.5300000000    0.0000000000   -0.0000000000
  10.5400000000    0.0000000000   -0.0000000000
  10.5500000000    0.0000000000   -0.0000000000
  10.5600000000    0.0000000000   -0.0000000000
  10.5700000000    0.0000000000   -0.0000000000
  10.5800000000    0.0000000000   -0.0000000000
  10.5900000000    0.0000000000   -0.0000000000
  10.6000000000    0.0000000000   -0.0000000000
  10.6100000000    0.0000000000   -0.0000000000
  10.6200000000    0.0000000000   -0.0000000000
  10.6300000000    0.0000000000   -0.0000000000
  10.6400000000    0.0000000000   -0.0000000000
  10.6500000000    0.0000000000   -0.0000000000
  10.6600000000    0.0000000000   -0.0000000000
  10.6700000000    0.0000000000   -0.0000000000
  10.6800000000    0.0000000000   -0.0000000000
  10.6900000000    0.0000000000   -0.0000000000
  10.7000000000    0.0000000000   -0.0000000000
  10.7100000000    0.0000000000   -0.0000000000
  10.7200000000    0.0000000000   -0.0000000000
  10.7300000000    0.0000000000   -0.0000000000
  10.7400000000    0.0000000000   -0.0000000000
  10.7500000000    0.0000000000   -0.0000000000
  10.7600000000    0.0000000000   -0.0000000000
  10.7700000000    0.0000000000   -0.0000000000
  10.7800000000    0.0000000000   -0.0000000000
  10.7900000000    0.0000000000   -0.0000000000
  10.8000000000    0.0000000000   -0.0000000000
  10.8100000000    0.0000000000   -0.0000000000
  10.8200000000    0.0000000000   -0.0000000000
  10.8300000000    0.0000000000   -0.0000000000
  10.8400000000    0.0000000000   -0.0000000000
  10.8500000000    0.0000000000   -0.0000000000
  10.8600000000    0.0000000000   -0.0000000000
  10.8700000000    0.0000000000   -0.0000000000
  10.8800000000    0.0000000000   -0.0000000000
  10.8900000000    0.0000000000   -0.0000000000
  10.9000000000    0.0000000000   -0.0000000000
  10.9100000000    0.0000000000   -0.0000000000
  10.9200000000    0.0000000000   -0.0000000000
  10.9300000000    0.0000000000   -0.0000000000
  10.9400000000    0.0000000000   -0.0000000000
  10.9500000000    0.0000000000   -0.0000000000
  10.9600000000    0.0000000000   -0.0000000000
  10.9700000000    0.0000000000   -0.0000000000
  10.9800000000    0.0000000000   -0.0000000000
  10.9900000000    0.0000000000   -0.0000000000
  11.0000000000    0.0000000000   -0.0000000000
  11.0100000000    0.0000000000   -0.0000000000
  11.0200000000    0.0000000000   -0.0000000000
  11.0300000000    0.0000000000   -0.0000000000
  11.0400000000    0.0000000000   -0.0000000000
  11.0500000000    0.0000000000   -0.0000000000
  11.0600000000    0.0000000000   -0.0000000000
  11.0700000000    0.0000000000   -0.0000000000
  11.0800000000    0.0000000000   -0.0000000000
  11.0900000000    0.0000000000   -0.0000000000
  11.1000000000    0.0000000000   -0.0000000000
  11.1100000000    0.0000000000   -0.0000000000
  11.1200000000    0.0000000000   -0.0000000000
  11.1300000000    0.0000000000   -0.0000000000
  11.1400000000    0.0000000000   -0.0000000000
  11.1500000000    0.0000000000   -0.0000000000
  11.1600000000    0.0000000000   -0.0000000000
  11.1700000000    0.0000000000   -0.0000000000
  11.1800000000    0.0000000000   -0.0000000000
  11.1900000000    0.0000000000   -0.0000000000
  11.2000000000    0.0000000000   -0.0000000000
  11.2100000000    0.0000000000   -0.0000000000
  11.2200000000    0.0000000000   -0.0000000000
  11.2300000000    0.0000000000   -0.0000000000
  11.2400000000    0.0000000000   -0.0000000000
  11.2500000000    0.0000000000   -0.0000000000
  11.2600000000    0.0000000000   -0.0000000000
  11.2700000000    0.0000000000   -0.0000000000
  11.2800000000    0.0000000000   -0.0000000000
  11.2900000000    0.0000000000   -0.0000000000
  11.3000000000    0.0000000000   -0.0000000000
  11.3100000000    0.0000000000   -0.0000000000
  11.3200000000    0.0000000000   -0.0000000000
  11.3300000000    0.0000000000   -0.0000000000
  11.3400000000    0.0000000000   -0.0000000000
  11.3500000000    0.0000000000   -0.0000000000
  11.3600000000    0.0000000000   -0.0000000000
  11.3700000000    0.0000000000   -0.0000000000
  11.3800000000    0.0000000000   -0.0000000000
  11.3900000000    0.0000000000   -0.0000000000
  11.4000000000    0.0000000000   -0.0000000000
  11.4100000000    0.0000000000   -0.0000000000
  11.4200000000    0.0000000000   -0.0000000000
  11.4300000000    0.0000000000   -0.0000000000
  11.4400000000    0.0000000000   -0.0000000000
  11.4500000000    0.0000000000   -0.0000000000
  11.4600000000    0.0000000000   -0.0000000000
  11.4700000000    0.0000000000   -0.0000000000
  11.4800000000    0.0000000000   -0.0000000000
  11.4900000000    0.0000000000   -0.0000000000
  11.5000000000    0.0000000000   -0.0000000000
  11.5100000000    0.0000000000   -0.0000000000
  11.5200000000    0.0000000000   -0.0000000000
  11.5300000000    0.0000000000   -0.0000000000
  11.5400000000    0.0000000000   -0.0000000000
  11.5500000000    0.0000000000   -0.0000000000
  11.5600000000    0.0000000000   -0.0000000000
  11.5700000000    0.0000000000   -0.0000000000
  11.5800000000    0.0000000000   -0.0000000000
  11.5900000000    0.0000000000   -0.0000000000
  11.6000000000    0.0000000000   -0.0000000000
  11.6100000000    0.0000000000   -0.0000000000
  11.6200000000    0.0000000000   -0.0000000000
  11.6300000000    0.0000000000   -0.0000000000
  11.6400000000    0.0000000000   -0.0000000000
  11.6500000000    0.0000000000   -0.0000000000
  11.6600000000    0.0000000000   -0.0000000000
  11.6700000000    0.0000000000   -0.0000000000
  11.6800000000    0.0000000000   -0.0000000000
  11.6900000000    0.0000000000   -0.0000000000
  11.7000000000    0.0000000000   -0.0000000000
  11.7100000000    0.0000000000   -0.0000000000
  11.7200000000    0.0000000000   -0.0000000000
  11.7300000000    0.0000000000   -0.0000000000
  11.7400000000    0.0000000000   -0.0000000000
  11.7500000000    0.0000000000   -0.0000000000
  11.7600000000    0.0000000000   -0.0000000000
  11.7700000000    0.0000000000   -0.0000000000
  11.7800000000    0.0000000000   -0.0000000000
  11.7900000000    0.0000000000   -0.0000000000
  11.8000000000    0.0000000000   -0.0000000000
  11.8100000000    0.0000000000   -0.0000000000
  11.8200000000    0.0000000000   -0.0000000000
  11.8300000000    0.0000000000   -0.0000000000
  11.8400000000    0.0000000000   -0.0000000000
  11.8500000000    0.0000000000   -0.0000000000
  11.8600000000    0.0000000000   -0.0000000000
  11.8700000000    0.0000000000   -0.0000000000
  11.8800000000    0.0000000000   -0.0000000000
  11.8900000000    0.0000000000   -0.0000000000
  11.9000000000    0.0000000000   -0.0000000000
  11.9100000000    0.0000000000   -0.0000000000
  11.9200000000    0.0000000000   -0.0000000000
  11.9300000000    0.0000000000   -0.0000000000
  11.9400000000    0.0000000000   -0.0000000000
  11.9500000000    0.0000000000   -0.0000000000
  11.9600000000    0.0000000000   -0.0000000000
  11.9700000000    0.0000000000   -0.0000000000
  11.9800000000    0.0000000000   -0.0000000000
  11.9900000000    0.0000000000   -0.0000000000
  12.0000000000    0.0000000000   -0.0000000000
  12.0100000000    0.0000000000   -0.0000000000
  12.0200000000    0.0000000000   -0.0000000000
  12.0300000000    0.0000000000   -0.0000000000
  12.0400000000    0.0000000000   -0.0000000000
  12.0500000000    0.0000000000   -0.0000000000
  12.0600000000    0.0000000000   -0.0000000000
  12.0700000000    0.0000000000   -0.0000000000
  12.0800000000    0.0000000000   -0.0000000000
  12.0900000000    0.0000000000   -0.0000000000
  12.1000000000    0.0000000000   -0.0000000000
  12.1100000000    0.0000000000   -0.0000000000
  12.1200000000    0.0000000000   -0.0000000000
  12.1300000000    0.0000000000   -0.0000000000
  12.1400000000    0.0000000000   -0.0000000000
  12.1500000000    0.0000000000   -0.0000000000
  12.1600000000    0.0000000000   -0.0000000000
  12.1700000000    0.0000000000   -0.0000000000
  12.1800000000    0.0000000000   -0.0000000000
  12.1900000000    0.0000000000   -0.0000000000
  12.2000000000    0.0000000000   -0.0000000000
  12.2100000000    0.0000000000   -0.0000000000
  12.2200000000    0.0000000000   -0.0000000000
  12.2300000000    0.0000000000   -0.0000000000
  12.2400000000    0.0000000000   -0.0000000000
  12.2500000000    0.0000000000   -0.0000000000
  12.2600000000    0.0000000000   -0.0000000000
  12.2700000000    0.0000000000   -0.0000000000
  12.2800000000    0.0000000000   -0.0000000000
  12.2900000000    0.0000000000   -0.0000000000
  12.3000000000    0.0000000000   -0.0000000000
  12.3100000000    0.0000000000   -0.0000000000
  12.3200000000    0.0000000000   -0.0000000000
  12.3300000000    0.0000000000   -0.0000000000
  12.3400000000    0.0000000000   -0.0000000000
  12.3500000000    0.0000000000   -0.0000000000
  12.3600000000    0.0000000000   -0.0000000000
  12.3700000000    0.0000000000   -0.0000000000
  12.3800000000    0.0000000000   -0.0000000000
  12.3900000000    0.0000000000   -0.0000000000
  12.4000000000    0.0000000000   -0.0000000000
  12.4100000000    0.0000000000   -0.0000000000
  12.4200000000    0.0000000000   -0.0000000000
  12.4300000000    0.0000000000   -0.0000000000
  12.4400000000    0.0000000000   -0.0000000000
  12.4500000000    0.0000000000   -0.0000000000
  12.4600000000    0.0000000000   -0.0000000000
  12.4700000000    0.0000000000   -0.0000000000
  12.4800000000    0.0000000000   -0.0000000000
  12.4900000000    0.0000000000   -0.0000000000
  12.5000000000    0.0000000000   -0.0000000000
  12.5100000000    0.0000000000   -0.0000000000
  12.5200000000    0.0000000000   -0.0000000000
  12.5300000000    0.0000000000   -0.0000000000
  12.5400000000    0.0000000000   -0.0000000000
  12.5500000000    0.0000000000   -0.0000000000
  12.5600000000    0.0000000000   -0.0000000000
  12.5700000000    0.0000000000   -0.0000000000
  12.5800000000    0.0000000000   -0.0000000000
  12.5900000000    0.0000000000   -0.0000000000
  12.6000000000    0.0000000000   -0.0000000000
  12.6100000000    0.0000000000   -0.0000000000
  12.6200000000    0.0000000000   -0.0000000000
  12.6300000000    0.0000000000   -0.0000000000
  12.6400000000    0.0000000000   -0.0000000000
  12.6500000000    0.0000000000   -0.0000000000
  12.6600000000    0.0000000000   -0.0000000000
  12.6700000000    0.0000000000   -0.0000000000
  12.6800000000    0.0000000000   -0.0000000000
  12.6900000000    0.0000000000   -0.0000000000
  12.7000000000    0.0000000000   -0.0000000000
  12.7100000000    0.0000000000   -0.0000000000
  12.7200000000    0.0000000000   -0.0000000000
  12.7300000000    0.0000000000   -0.0000000000
  12.7400000000    0.0000000000   -0.0000000000
  12.7500000000    0.0000000000   -0.0000000000
  12.7600000000    0.0000000000   -0.0000000000
  12.7700000000    0.0000000000   -0.0000000000
  12.7800000000    0.0000000000   -0.0000000000
  12.7900000000    0.0000000000   -0.0000000000
  12.8000000000    0.0000000000   -0.0000000000
  12.8100000000    0.0000000000   -0.0000000000
  12.8200000000    0.0000000000   -0.0000000000
  12.8300000000    0.0000000000   -0.0000000000
  12.8400000000    0.0000000000   -0.0000000000
  12.8500000000    0.0000000000   -0.0000000000
  12.8600000000    0.0000000000   -0.0000000000
  12.8700000000    0.0000000000   -0.0000000000
  12.8800000000    0.0000000000   -0.0000000000
  12.8900000000    0.0000000000   -0.0000000000
  12.9000000000    0.0000000000   -0.0000000000
  12.9100000000    0.0000000000   -0.0000000000
  12.9200000000    0.0000000000   -0.0000000000
  12.9300000000    0.0000000000   -0.0000000000
  12.9400000000    0.0000000000   -0.0000000000
  12.9500000000    0.0000000000   -0.0000000000
  12.9600000000    0.0000000000   -0.0000000000
  12.9700000000    0.0000000000   -0.0000000000
  12.9800000000    0.0000000000   -0.0000000000
  12.9900000000    0.0000000000   -0.0000000000
  13.0000000000    0.0000000000   -0.0000000000
  13.0100000000    0.0000000000   -0.0000000000
  13.0200000000    0.0000000000   -0.0000000000
  13.0300000000    0.0000000000   -0.0000000000
  13.0400000000    0.0000000000   -0.0000000000
  13.0500000000    0.0000000000   -0.0000000000
  13.0600000000    0.0000000000   -0.0000000000
  13.0700000000    0.0000000000   -0.0000000000
  13.0800000000    0.0000000000   -0.0000000000
  13.0900000000    0.0000000000   -0.0000000000
  13.1000000000    0.0000000000   -0.0000000000
  13.1100000000    0.0000000000   -0.0000000000
  13.1200000000    0.0000000000   -0.0000000000
  13.1300000000    0.0000000000   -0.0000000000
  13.1400000000    0.0000000000   -0.0000000000
  13.1500000000    0.0000000000   -0.0000000000
  13.1600000000    0.0000000000   -0.0000000000
  13.1700000000    0.0000000000   -0.0000000000
  13.1800000000    0.0000000000   -0.0000000000
  13.1900000000    0.0000000000   -0.0000000000
  13.2000000000    0.0000000000   -0.0000000000
  13.2100000000    0.0000000000   -0.0000000000
  13.2200000000    0.0000000000   -0.0000000000
  13.2300000000    0.0000000000   -0.0000000000
  13.2400000000    0.0000000000   -0.0000000000
  13.2500000000    0.0000000000   -0.0000000000
  13.2600000000    0.0000000000   -0.0000000000
  13.2700000000    0.0000000000   -0.0000000000
  13.2800000000    0.0000000000   -0.0000000000
  13.2900000000    0.0000000000   -0.0000000000
  13.3000000000    0.0000000000   -0.0000000000
  13.3100000000    0.0000000000   -0.0000000000
  13.3200000000    0.0000000000   -0.0000000000
  13.3300000000    0.0000000000   -0.0000000000
  13.3400000000    0.0000000000   -0.0000000000
  13.3500000000    0.0000000000   -0.0000000000
  13.3600000000    0.0000000000   -0.0000000000
  13.3700000000    0.0000000000   -0.0000000000
  13.3800000000    0.0000000000   -0.0000000000
  13.3900000000    0.0000000000   -0.0000000000
  13.4000000000    0.0000000000   -0.0000000000
  13.4100000000    0.0000000000   -0.0000000000
  13.4200000000    0.0000000000   -0.0000000000
  13.4300000000    0.0000000000   -0.0000000000
  13.4400000000    0.0000000000   -0.0000000000
  13.4500000000    0.0000000000   -0.0000000000
  13.4600000000    0.0000000000   -0.0000000000
  13.4700000000    0.0000000000   -0.0000000000
  13.4800000000    0.0000000000   -0.0000000000
  13.4900000000    0.0000000000   -0.0000000000
  13.5000000000    0.0000000000   -0.0000000000
  13.5100000000    0.0000000000   -0.0000000000
  13.5200000000    0.0000000000   -0.0000000000
  13.5300000000    0.0000000000   -0.0000000000
  13.5400000000    0.0000000000   -0.0000000000
  13.5500000000    0.0000000000   -0.0000000000
  13.5600000000    0.0000000000   -0.0000000000
  13.5700000000    0.0000000000   -0.0000000000
  13.5800000000    0.0000000000   -0.0000000000
  13.5900000000    0.0000000000   -0.0000000000
  13.6000000000    0.0000000000   -0.0000000000
  13.6100000000    0.0000000000   -0.0000000000
  13.6200000000    0.0000000000   -0.0000000000
  13.6300000000    0.0000000000   -0.0000000000
  13.6400000000    0.0000000000   -0.0000000000
  13.6500000000    0.0000000000   -0.0000000000
  13.6600000000    0.0000000000   -0.0000000000
  13.6700000000    0.0000000000   -0.0000000000
  13.6800000000    0.0000000000   -0.0000000000
  13.6900000000    0.0000000000   -0.0000000000
  13.7000000000    0.0000000000   -0.0000000000
  13.7100000000    0.0000000000   -0.0000000000
  13.7200000000    0.0000000000   -0.0000000000
  13.7300000000    0.0000000000   -0.0000000000
  13.7400000000    0.0000000000   -0.0000000000
  13.7500000000    0.0000000000   -0.0000000000
  13.7600000000    0.0000000000   -0.0000000000
  13.7700000000    0.0000000000   -0.0000000000
  13.7800000000    0.0000000000   -0.0000000000
  13.7900000000    0.0000000000   -0.0000000000
  13.8000000000    0.0000000000   -0.0000000000
  13.8100000000    0.0000000000   -0.0000000000
  13.8200000000    0.0000000000   -0.0000000000
  13.8300000000    0.0000000000   -0.0000000000
  13.8400000000    0.0000000000   -0.0000000000
  13.8500000000    0.0000000000   -0.0000000000
  13.8600000000    0.0000000000   -0.0000000000
  13.8700000000    0.0000000000   -0.0000000000
  13.8800000000    0.0000000000   -0.0000000000
  13.8900000000    0.0000000000   -0.0000000000
  13.9000000000    0.0000000000   -0.0000000000
  13.9100000000    0.0000000000   -0.0000000000
  13.9200000000    0.0000000000   -0.0000000000
  13.9300000000    0.0000000000   -0.0000000000
  13.9400000000    0.0000000000   -0.0000000000
  13.9500000000    0.0000000000   -0.0000000000
  13.9600000000    0.0000000000   -0.0000000000
  13.9700000000    0.0000000000   -0.0000000000
  13.9800000000    0.0000000000   -0.0000000000
  13.9900000000    0.0000000000   -0.0000000000
