r non-Coulombic_BLPS full_BLPS
   0.0000010000 1000001.5451081210    1.5451081210
   0.0100000000  101.5449962406    1.5449962406
   0.0200000000   51.5446514788    1.5446514788
   0.0300000000   34.8774103206    1.5440769873
   0.0400000000   26.5432729331    1.5432729331
   0.0500000000   21.5422395501    1.5422395501
   0.0600000000   18.2076438055    1.5409771389
   0.0700000000   15.8252003522    1.5394860665
   0.0800000000   14.0377667665    1.5377667665
   0.0900000000   12.6469308497    1.5358197386
   0.1000000000   11.5336455484    1.5336455484
   0.1100000000   10.6221539183    1.5312448274
   0.1200000000    9.8619516059    1.5286182726
   0.1300000000    9.2180743385    1.5257666462
   0.1400000000    8.6655479183    1.5226907755
   0.1500000000    8.1860582188    1.5193915521
   0.1600000000    7.7658699322    1.5158699322
   0.1700000000    7.3944798766    1.5121269354
   0.1800000000    7.0637192008    1.5081636452
   0.1900000000    6.7671391025    1.5039812078
   0.2000000000    6.4995808319    1.4995808319
   0.2100000000    6.2568685504    1.4949637885
   0.2200000000    6.0355859552    1.4901314098
   0.2300000000    5.8329111762    1.4850850893
   0.2400000000    5.6464929473    1.4798262806
   0.2500000000    5.4743564975    1.4743564975
   0.2600000000    5.3148311588    1.4686773127
   0.2700000000    5.1664940614    1.4627903577
   0.2800000000    5.0281258932    1.4566973218
   0.2900000000    4.8986758137    1.4503999516
   0.3000000000    4.7772333837    1.4439000503
   0.3100000000    4.6630059286    1.4371994770
   0.3200000000    4.5553001455    1.4303001455
   0.3300000000    4.4535070548    1.4232040245
   0.3400000000    4.3570896062    1.4159131356
   0.3500000000    4.2655724108    1.4084295537
   0.3600000000    4.1785331828    1.4007554050
   0.3700000000    4.0955955700    1.3928928673
   0.3800000000    4.0164231156    1.3848441682
   0.3900000000    3.9407141487    1.3766115846
   0.4000000000    3.8681974420    1.3681974420
   0.4100000000    3.7986285032    1.3596041130
   0.4200000000    3.7317863980    1.3508340170
   0.4300000000    3.6674710142    1.3418896189
   0.4400000000    3.6055007007    1.3327734279
   0.4500000000    3.5457102194    1.3234879972
   0.4600000000    3.4879489657    1.3140359222
   0.4700000000    3.4320794145    1.3044198400
   0.4800000000    3.3779757616    1.2946424283
   0.4900000000    3.3255227305    1.2847064039
   0.5000000000    3.2746145225    1.2746145225
   0.5100000000    3.2251538903    1.2643695765
   0.5200000000    3.1770513182    1.2539743951
   0.5300000000    3.1302242951    1.2434318423
   0.5400000000    3.0845966678    1.2327448159
   0.5500000000    3.0400980652    1.2219162471
   0.5600000000    2.9966633839    1.2109490982
   0.5700000000    2.9542323275    1.1998463626
   0.5800000000    2.9127489938    1.1886110628
   0.5900000000    2.8721615039    1.1772462496
   0.6000000000    2.8324216676    1.1657550009
   0.6100000000    2.7934846830    1.1541404207
   0.6200000000    2.7553088631    1.1424056373
   0.6300000000    2.7178553901    1.1305538028
   0.6400000000    2.6810880914    1.1185880914
   0.6500000000    2.6449732369    1.1065116985
   0.6600000000    2.6094793545    1.0943278393
   0.6700000000    2.5745770612    1.0820397478
   0.6800000000    2.5402389105    1.0696506752
   0.6900000000    2.5064392515    1.0571638892
   0.7000000000    2.4731541007    1.0445826722
   0.7100000000    2.4403610246    1.0319103204
   0.7200000000    2.4080390315    1.0191501426
   0.7300000000    2.3761684725    1.0063054588
   0.7400000000    2.3447309505    0.9933795992
   0.7500000000    2.3137092358    0.9803759025
   0.7600000000    2.2830871888    0.9672977151
   0.7700000000    2.2528496887    0.9541483900
   0.7800000000    2.2229825670    0.9409312849
   0.7900000000    2.1934725465    0.9276497617
   0.8000000000    2.1643071848    0.9143071848
   0.8100000000    2.1354748211    0.9009069199
   0.8200000000    2.1069645283    0.8874523332
   0.8300000000    2.0787660669    0.8739467898
   0.8400000000    2.0508698429    0.8603936524
   0.8500000000    2.0232668688    0.8467962806
   0.8600000000    1.9959487267    0.8331580291
   0.8700000000    1.9689075343    0.8194822469
   0.8800000000    1.9421359126    0.8057722762
   0.8900000000    1.9156269564    0.7920314508
   0.9000000000    1.8893742063    0.7782630952
   0.9100000000    1.8633716225    0.7644705236
   0.9200000000    1.8376135600    0.7506570383
   0.9300000000    1.8120947461    0.7368259289
   0.9400000000    1.7868102588    0.7229804716
   0.9500000000    1.7617555055    0.7091239266
   0.9600000000    1.7369262054    0.6952595388
   0.9700000000    1.7123183705    0.6813905355
   0.9800000000    1.6879282890    0.6675201257
   0.9900000000    1.6637525093    0.6536514992
   1.0000000000    1.6397878256    0.6397878256
   1.0100000000    1.6160312621    0.6259322522
   1.0200000000    1.5924800085    0.6120878517
   1.0300000000    1.5691316184    0.5982578320
   1.0400000000    1.5459836785    0.5844452169
   1.0500000000    1.5230340107    0.5706530583
   1.0600000000    1.5002806075    0.5568843811
   1.0700000000    1.4777216226    0.5431421833
   1.0800000000    1.4553553603    0.5294294344
   1.0900000000    1.4331802669    0.5157490743
   1.1000000000    1.4111949692    0.5021040602
   1.1100000000    1.3893980767    0.4884971758
   1.1200000000    1.3677884587    0.4749313159
   1.1300000000    1.3463650467    0.4614092945
   1.1400000000    1.3251268745    0.4479338920
   1.1500000000    1.3040730717    0.4345078544
   1.1600000000    1.2832028579    0.4211338923
   1.1700000000    1.2625155353    0.4078146806
   1.1800000000    1.2420104840    0.3945528569
   1.1900000000    1.2216871561    0.3813510216
   1.2000000000    1.2015450702    0.3682117369
   1.2100000000    1.1815838068    0.3551375258
   1.2200000000    1.1618030031    0.3421308720
   1.2300000000    1.1422023488    0.3291942187
   1.2400000000    1.1227815811    0.3163299682
   1.2500000000    1.1035404816    0.3035404816
   1.2600000000    1.0844788710    0.2908280774
   1.2700000000    1.0655966065    0.2781950317
   1.2800000000    1.0468935773    0.2656435773
   1.2900000000    1.0283697018    0.2531759034
   1.3000000000    1.0100249216    0.2407941524
   1.3100000000    0.9918592074    0.2285004288
   1.3200000000    0.9738725429    0.2162967853
   1.3300000000    0.9560649304    0.2041852311
   1.3400000000    0.9384363859    0.1921677292
   1.3500000000    0.9209869371    0.1802461963
   1.3600000000    0.9037166199    0.1684225023
   1.3700000000    0.8866254770    0.1566984697
   1.3800000000    0.8697135545    0.1450758734
   1.3900000000    0.8529809016    0.1335564412
   1.4000000000    0.8364275666    0.1221418523
   1.4100000000    0.8200535953    0.1108337371
   1.4200000000    0.8038590302    0.0996336781
   1.4300000000    0.7878439080    0.0885432087
   1.4400000000    0.7720082578    0.0775638133
   1.4500000000    0.7563520997    0.0666969273
   1.4600000000    0.7408754434    0.0559439365
   1.4700000000    0.7255782864    0.0453061775
   1.4800000000    0.7104606129    0.0347849373
   1.4900000000    0.6955223927    0.0243814531
   1.5000000000    0.6807635793    0.0140969127
   1.5100000000    0.6661841095    0.0039324539
   1.5200000000    0.6517839018   -0.0061108350
   1.5300000000    0.6375628548   -0.0160319164
   1.5400000000    0.6235208495   -0.0258297998
   1.5500000000    0.6096577434   -0.0355035469
   1.5600000000    0.5959733725   -0.0450522685
   1.5700000000    0.5824675515   -0.0544751237
   1.5800000000    0.5691400702   -0.0637713222
   1.5900000000    0.5559906951   -0.0729401225
   1.6000000000    0.5430191677   -0.0819808323
   1.6100000000    0.5302252043   -0.0908928081
   1.6200000000    0.5176084956   -0.0996754550
   1.6300000000    0.5051687058   -0.1083282267
   1.6400000000    0.4929054712   -0.1168506264
   1.6500000000    0.4808184058   -0.1252422003
   1.6600000000    0.4689070912   -0.1335025474
   1.6700000000    0.4571710789   -0.1416313163
   1.6800000000    0.4456098984   -0.1496281969
   1.6900000000    0.4342230483   -0.1574929280
   1.7000000000    0.4230099989   -0.1652252952
   1.7100000000    0.4119701892   -0.1728251324
   1.7200000000    0.4011030372   -0.1802923116
   1.7300000000    0.3904079235   -0.1876267585
   1.7400000000    0.3798842034   -0.1948284403
   1.7500000000    0.3695312032   -0.2018973682
   1.7600000000    0.3593482222   -0.2088335960
   1.7700000000    0.3493345237   -0.2156372278
   1.7800000000    0.3394893491   -0.2223084037
   1.7900000000    0.3298119093   -0.2288473086
   1.8000000000    0.3203013860   -0.2352541695
   1.8100000000    0.3109569329   -0.2415292549
   1.8200000000    0.3017776752   -0.2476728743
   1.8300000000    0.2927627099   -0.2536853775
   1.8400000000    0.2839111065   -0.2595671544
   1.8500000000    0.2752219066   -0.2653186340
   1.8600000000    0.2666941247   -0.2709402840
   1.8700000000    0.2583267482   -0.2764326101
   1.8800000000    0.2501187378   -0.2817961558
   1.8900000000    0.2420690280   -0.2870315011
   1.9000000000    0.2341765271   -0.2921392624
   1.9100000000    0.2264401179   -0.2971200915
   1.9200000000    0.2188586580   -0.3019746753
   1.9300000000    0.2114309801   -0.3067037349
   1.9400000000    0.2041558930   -0.3113080245
   1.9500000000    0.1970321810   -0.3157883318
   1.9600000000    0.1900586052   -0.3201454764
   1.9700000000    0.1832339049   -0.3243803083
   1.9800000000    0.1765567927   -0.3284937124
   1.9900000000    0.1700259655   -0.3324865974
   2.0000000000    0.1636400944   -0.3363599056
   2.0100000000    0.1573978310   -0.3401146068
   2.0200000000    0.1512978062   -0.3437516987
   2.0300000000    0.1453386314   -0.3472722060
   2.0400000000    0.1395188987   -0.3506771797
   2.0500000000    0.1338371815   -0.3539676966
   2.0600000000    0.1282920351   -0.3571448581
   2.0700000000    0.1228819975   -0.3602097900
   2.0800000000    0.1176055896   -0.3631636412
   2.0900000000    0.1124613163   -0.3660075832
   2.1000000000    0.1074476668   -0.3687428094
   2.1100000000    0.1025631152   -0.3713705341
   2.1200000000    0.0978061214   -0.3738919918
   2.1300000000    0.0931751314   -0.3763084367
   2.1400000000    0.0886685781   -0.3786211415
   2.1500000000    0.0842848821   -0.3808313969
   2.1600000000    0.0800224522   -0.3829405107
   2.1700000000    0.0758796859   -0.3849498071
   2.1800000000    0.0718549704   -0.3868606259
   2.1900000000    0.0679466828   -0.3886743218
   2.2000000000    0.0641531913   -0.3903922633
   2.2100000000    0.0604728556   -0.3920158322
   2.2200000000    0.0569040272   -0.3935464232
   2.2300000000    0.0534450508   -0.3949854424
   2.2400000000    0.0500942645   -0.3963343069
   2.2500000000    0.0468500002   -0.3975944442
   2.2600000000    0.0437105851   -0.3987672910
   2.2700000000    0.0406743414   -0.3998542929
   2.2800000000    0.0377395878   -0.4008569034
   2.2900000000    0.0349046395   -0.4017765832
   2.3000000000    0.0321678091   -0.4026147996
   2.3100000000    0.0295274075   -0.4033730254
   2.3200000000    0.0269817442   -0.4040527386
   2.3300000000    0.0245291279   -0.4046554215
   2.3400000000    0.0221678675   -0.4051825599
   2.3500000000    0.0198962723   -0.4056356426
   2.3600000000    0.0177126531   -0.4060161604
   2.3700000000    0.0156153224   -0.4063256058
   2.3800000000    0.0136025952   -0.4065654720
   2.3900000000    0.0116727896   -0.4067372522
   2.4000000000    0.0098242275   -0.4068424392
   2.4100000000    0.0080552348   -0.4068825245
   2.4200000000    0.0063641426   -0.4068589979
   2.4300000000    0.0047492874   -0.4067733464
   2.4400000000    0.0032090115   -0.4066270541
   2.4500000000    0.0017416641   -0.4064216012
   2.4600000000    0.0003456014   -0.4061584637
   2.4700000000   -0.0009808127   -0.4058391123
   2.4800000000   -0.0022392061   -0.4054650125
   2.4900000000   -0.0034311976   -0.4050376233
   2.5000000000   -0.0045583971   -0.4045583971
   2.5100000000   -0.0056224045   -0.4040287790
   2.5200000000   -0.0066248093   -0.4034502061
   2.5300000000   -0.0075671903   -0.4028241073
   2.5400000000   -0.0084511150   -0.4021519024
   2.5500000000   -0.0092781391   -0.4014350018
   2.5600000000   -0.0100498060   -0.4006748060
   2.5700000000   -0.0107676467   -0.3998727051
   2.5800000000   -0.0114331787   -0.3990300779
   2.5900000000   -0.0120479062   -0.3981482923
   2.6000000000   -0.0126133193   -0.3972287039
   2.6100000000   -0.0131308937   -0.3962726562
   2.6200000000   -0.0136020906   -0.3952814799
   2.6300000000   -0.0140283557   -0.3942564926
   2.6400000000   -0.0144111193   -0.3931989981
   2.6500000000   -0.0147517957   -0.3921102863
   2.6600000000   -0.0150517831   -0.3909916328
   2.6700000000   -0.0153124633   -0.3898442985
   2.6800000000   -0.0155352008   -0.3886695292
   2.6900000000   -0.0157213431   -0.3874685550
   2.7000000000   -0.0158722201   -0.3862425905
   2.7100000000   -0.0159891440   -0.3849928340
   2.7200000000   -0.0160734089   -0.3837204677
   2.7300000000   -0.0161262904   -0.3824266567
   2.7400000000   -0.0161490456   -0.3811125493
   2.7500000000   -0.0161429129   -0.3797792766
   2.7600000000   -0.0161091115   -0.3784279521
   2.7700000000   -0.0160488413   -0.3770596716
   2.7800000000   -0.0159632827   -0.3756755129
   2.7900000000   -0.0158535966   -0.3742765357
   2.8000000000   -0.0157209240   -0.3728637811
   2.8100000000   -0.0155663857   -0.3714382718
   2.8200000000   -0.0153910825   -0.3700010115
   2.8300000000   -0.0151960949   -0.3685529853
   2.8400000000   -0.0149824829   -0.3670951590
   2.8500000000   -0.0147512677   -0.3656284607
   2.8600000000   -0.0145035051   -0.3641538547
   2.8700000000   -0.0142401745   -0.3626722303
   2.8800000000   -0.0139622534   -0.3611844756
   2.8900000000   -0.0136706980   -0.3596914593
   2.9000000000   -0.0133664439   -0.3581940301
   2.9100000000   -0.0130504232   -0.3566930349
   2.9200000000   -0.0127234938   -0.3551892472
   2.9300000000   -0.0123865459   -0.3536834742
   2.9400000000   -0.0120404309   -0.3521764853
   2.9500000000   -0.0116859795   -0.3506690303
   2.9600000000   -0.0113240006   -0.3491618385
   2.9700000000   -0.0109552805   -0.3476556172
   2.9800000000   -0.0105805894   -0.3461510592
   2.9900000000   -0.0102006725   -0.3446488330
   3.0000000000   -0.0098162551   -0.3431495884
   3.0100000000   -0.0094280418   -0.3416539554
   3.0200000000   -0.0090367165   -0.3401625443
   3.0300000000   -0.0086429424   -0.3386759457
   3.0400000000   -0.0082473620   -0.3371947304
   3.0500000000   -0.0078505977   -0.3357194501
   3.0600000000   -0.0074532510   -0.3342506366
   3.0700000000   -0.0070559036   -0.3327888026
   3.0800000000   -0.0066591171   -0.3313344418
   3.0900000000   -0.0062634330   -0.3298880285
   3.1000000000   -0.0058693730   -0.3284500182
   3.1100000000   -0.0054774394   -0.3270208478
   3.1200000000   -0.0050881147   -0.3256009352
   3.1300000000   -0.0047018624   -0.3241906803
   3.1400000000   -0.0043191266   -0.3227904642
   3.1500000000   -0.0039403327   -0.3214006502
   3.1600000000   -0.0035658874   -0.3200215836
   3.1700000000   -0.0031961789   -0.3186535921
   3.1800000000   -0.0028315771   -0.3172969859
   3.1900000000   -0.0024724332   -0.3159520570
   3.2000000000   -0.0021190814   -0.3146190814
   3.2100000000   -0.0017718380   -0.3132983177
   3.2200000000   -0.0014310018   -0.3119900080
   3.2300000000   -0.0010968539   -0.3106943771
   3.2400000000   -0.0007696604   -0.3094116357
   3.2500000000   -0.0004496691   -0.3081419768
   3.2600000000   -0.0001371117   -0.3068855780
   3.2700000000    0.0001677959   -0.3056426016
   3.2800000000    0.0004648538   -0.3044131949
   3.2900000000    0.0007538777   -0.3031974901
   3.3000000000    0.0010346983   -0.3019956048
   3.3100000000    0.0013071615   -0.3008076421
   3.3200000000    0.0015711279   -0.2996336914
   3.3300000000    0.0018264721   -0.2984738282
   3.3400000000    0.0020730837   -0.2973281139
   3.3500000000    0.0023108654   -0.2961965973
   3.3600000000    0.0025397335   -0.2950793141
   3.3700000000    0.0027596176   -0.2939762874
   3.3800000000    0.0029704602   -0.2928875280
   3.3900000000    0.0031722162   -0.2918130345
   3.4000000000    0.0033648531   -0.2907527939
   3.4100000000    0.0035483503   -0.2897067817
   3.4200000000    0.0037226983   -0.2886749625
   3.4300000000    0.0038878998   -0.2876572898
   3.4400000000    0.0040439678   -0.2866537067
   3.4500000000    0.0041909263   -0.2856641461
   3.4600000000    0.0043288098   -0.2846885312
   3.4700000000    0.0044576627   -0.2837267754
   3.4800000000    0.0045775389   -0.2827787829
   3.4900000000    0.0046885022   -0.2818444491
   3.5000000000    0.0047906251   -0.2809236606
   3.5100000000    0.0048839891   -0.2800162958
   3.5200000000    0.0049686840   -0.2791222251
   3.5300000000    0.0050448079   -0.2782413110
   3.5400000000    0.0051124667   -0.2773734090
   3.5500000000    0.0051717736   -0.2765183673
   3.5600000000    0.0052228492   -0.2756760272
   3.5700000000    0.0052658209   -0.2748462239
   3.5800000000    0.0053008228   -0.2740287861
   3.5900000000    0.0053279950   -0.2732235371
   3.6000000000    0.0053474837   -0.2724302941
   3.6100000000    0.0053594407   -0.2716488695
   3.6200000000    0.0053640233   -0.2708790706
   3.6300000000    0.0053613937   -0.2701207000
   3.6400000000    0.0053517187   -0.2693735560
   3.6500000000    0.0053351699   -0.2686374329
   3.6600000000    0.0053119227   -0.2679121210
   3.6700000000    0.0052821566   -0.2671974074
   3.6800000000    0.0052460545   -0.2664930760
   3.6900000000    0.0052038029   -0.2657989071
   3.7000000000    0.0051555910   -0.2651146793
   3.7100000000    0.0051016109   -0.2644401681
   3.7200000000    0.0050420571   -0.2637751472
   3.7300000000    0.0049771265   -0.2631193882
   3.7400000000    0.0049070176   -0.2624726616
   3.7500000000    0.0048319308   -0.2618347358
   3.7600000000    0.0047520681   -0.2612053787
   3.7700000000    0.0046676322   -0.2605843572
   3.7800000000    0.0045788274   -0.2599714372
   3.7900000000    0.0044858581   -0.2593663846
   3.8000000000    0.0043889296   -0.2587689652
   3.8100000000    0.0042882470   -0.2581789446
   3.8200000000    0.0041840158   -0.2575960889
   3.8300000000    0.0040764411   -0.2570201646
   3.8400000000    0.0039657276   -0.2564509390
   3.8500000000    0.0038520793   -0.2558881804
   3.8600000000    0.0037356995   -0.2553316580
   3.8700000000    0.0036167903   -0.2547811426
   3.8800000000    0.0034955527   -0.2542364061
   3.8900000000    0.0033721858   -0.2536972229
   3.9000000000    0.0032468880   -0.2531633684
   3.9100000000    0.0031198551   -0.2526346207
   3.9200000000    0.0029912811   -0.2521107597
   3.9300000000    0.0028613582   -0.2515915680
   3.9400000000    0.0027302770   -0.2510768296
   3.9500000000    0.0025982217   -0.2505663352
   3.9600000000    0.0024653800   -0.2500598725
   3.9700000000    0.0023319327   -0.2495572360
   3.9800000000    0.0021980587   -0.2490582227
   3.9900000000    0.0020639340   -0.2485626324
   4.0000000000    0.0019297314   -0.2480702686
   4.0100000000    0.0017956204   -0.2475809382
   4.0200000000    0.0016617671   -0.2470944518
   4.0300000000    0.0015283343   -0.2466106235
   4.0400000000    0.0013954808   -0.2461292717
   4.0500000000    0.0012633620   -0.2456502183
   4.0600000000    0.0011321294   -0.2451732893
   4.0700000000    0.0010019307   -0.2446983150
   4.0800000000    0.0008729094   -0.2442251299
   4.0900000000    0.0007452051   -0.2437535724
   4.1000000000    0.0006189534   -0.2432834856
   4.1100000000    0.0004942855   -0.2428147170
   4.1200000000    0.0003713283   -0.2423471183
   4.1300000000    0.0002502047   -0.2418805459
   4.1400000000    0.0001310329   -0.2414148608
   4.1500000000    0.0000139270   -0.2409499284
   4.1600000000   -0.0001010037   -0.2404856191
   4.1700000000   -0.0002136541   -0.2400218076
   4.1800000000   -0.0003239236   -0.2395583733
   4.1900000000   -0.0004317164   -0.2390952009
   4.2000000000   -0.0005369410   -0.2386321791
   4.2100000000   -0.0006395106   -0.2381692019
   4.2200000000   -0.0007393430   -0.2377061677
   4.2300000000   -0.0008363605   -0.2372429799
   4.2400000000   -0.0009304900   -0.2367795466
   4.2500000000   -0.0010216631   -0.2363157808
   4.2600000000   -0.0011098157   -0.2358515998
   4.2700000000   -0.0011948886   -0.2353869260
   4.2800000000   -0.0012768271   -0.2349216869
   4.2900000000   -0.0013555808   -0.2344558139
   4.3000000000   -0.0014311039   -0.2339892435
   4.3100000000   -0.0015033553   -0.2335219168
   4.3200000000   -0.0015722981   -0.2330537795
   4.3300000000   -0.0016378998   -0.2325847820
   4.3400000000   -0.0017001324   -0.2321148789
   4.3500000000   -0.0017589721   -0.2316440296
   4.3600000000   -0.0018143996   -0.2311721977
   4.3700000000   -0.0018663995   -0.2306993515
   4.3800000000   -0.0019149607   -0.2302254630
   4.3900000000   -0.0019600763   -0.2297505091
   4.4000000000   -0.0020017434   -0.2292744707
   4.4100000000   -0.0020399631   -0.2287973327
   4.4200000000   -0.0020747404   -0.2283190843
   4.4300000000   -0.0021060840   -0.2278397183
   4.4400000000   -0.0021340067   -0.2273592319
   4.4500000000   -0.0021585248   -0.2268776259
   4.4600000000   -0.0021796582   -0.2263949048
   4.4700000000   -0.0021974304   -0.2259110769
   4.4800000000   -0.0022118684   -0.2254261541
   4.4900000000   -0.0022230025   -0.2249401517
   4.5000000000   -0.0022308664   -0.2244530887
   4.5100000000   -0.0022354970   -0.2239649871
   4.5200000000   -0.0022369343   -0.2234758723
   4.5300000000   -0.0022352211   -0.2229857730
   4.5400000000   -0.0022304036   -0.2224947207
   4.5500000000   -0.0022225303   -0.2220027501
   4.5600000000   -0.0022116529   -0.2215098986
   4.5700000000   -0.0021978257   -0.2210162064
   4.5800000000   -0.0021811052   -0.2205217165
   4.5900000000   -0.0021615508   -0.2200264745
   4.6000000000   -0.0021392238   -0.2195305281
   4.6100000000   -0.0021141880   -0.2190339277
   4.6200000000   -0.0020865094   -0.2185367259
   4.6300000000   -0.0020562560   -0.2180389774
   4.6400000000   -0.0020234978   -0.2175407392
   4.6500000000   -0.0019883064   -0.2170420698
   4.6600000000   -0.0019507553   -0.2165430300
   4.6700000000   -0.0019109198   -0.2160436821
   4.6800000000   -0.0018688764   -0.2155440901
   4.6900000000   -0.0018247034   -0.2150443196
   4.7000000000   -0.0017784801   -0.2145444375
   4.7100000000   -0.0017302872   -0.2140445122
   4.7200000000   -0.0016802065   -0.2135446132
   4.7300000000   -0.0016283314   -0.2130448219
   4.7400000000   -0.0015747242   -0.2125451883
   4.7500000000   -0.0015194801   -0.2120457959
   4.7600000000   -0.0014626845   -0.2115467181
   4.7700000000   -0.0014044228   -0.2110480286
   4.7800000000   -0.0013447716   -0.2105497925
   4.7900000000   -0.0012838383   -0.2100521056
   4.8000000000   -0.0012216996   -0.2095550329
   4.8100000000   -0.0011584427   -0.2090586506
   4.8200000000   -0.0010941551   -0.2085630348
   4.8300000000   -0.0010289250   -0.2080682625
   4.8400000000   -0.0009628386   -0.2075744088
   4.8500000000   -0.0008959088   -0.2070814758
   4.8600000000   -0.0008284473   -0.2065897641
   4.8700000000   -0.0007603163   -0.2060991253
   4.8800000000   -0.0006916769   -0.2056097097
   4.8900000000   -0.0006226151   -0.2051215926
   4.9000000000   -0.0005532159   -0.2046348486
   4.9100000000   -0.0004835640   -0.2041495518
   4.9200000000   -0.0004137434   -0.2036657759
   4.9300000000   -0.0003438400   -0.2031835966
   4.9400000000   -0.0002739281   -0.2027030779
   4.9500000000   -0.0002040931   -0.2022242951
   4.9600000000   -0.0001344179   -0.2017473211
   4.9700000000   -0.0000649789   -0.2012722224
   4.9800000000    0.0000041457   -0.2007990672
   4.9900000000    0.0000728794   -0.2003279222
   5.0000000000    0.0000000000   -0.2000000000
   5.0100000000    0.0000000000   -0.1996007984
   5.0200000000    0.0000000000   -0.1992031873
   5.0300000000    0.0000000000   -0.1988071571
   5.0400000000    0.0000000000   -0.1984126984
   5.0500000000    0.0000000000   -0.1980198020
   5.0600000000    0.0000000000   -0.1976284585
   5.0700000000    0.0000000000   -0.1972386588
   5.0800000000    0.0000000000   -0.1968503937
   5.0900000000    0.0000000000   -0.1964636542
   5.1000000000    0.0000000000   -0.1960784314
   5.1100000000    0.0000000000   -0.1956947162
   5.1200000000    0.0000000000   -0.1953125000
   5.1300000000    0.0000000000   -0.1949317739
   5.1400000000    0.0000000000   -0.1945525292
   5.1500000000    0.0000000000   -0.1941747573
   5.1600000000    0.0000000000   -0.1937984496
   5.1700000000    0.0000000000   -0.1934235977
   5.1800000000    0.0000000000   -0.1930501931
   5.1900000000    0.0000000000   -0.1926782274
   5.2000000000    0.0000000000   -0.1923076923
   5.2100000000    0.0000000000   -0.1919385797
   5.2200000000    0.0000000000   -0.1915708812
   5.2300000000    0.0000000000   -0.1912045889
   5.2400000000    0.0000000000   -0.1908396947
   5.2500000000    0.0000000000   -0.1904761905
   5.2600000000    0.0000000000   -0.1901140684
   5.2700000000    0.0000000000   -0.1897533207
   5.2800000000    0.0000000000   -0.1893939394
   5.2900000000    0.0000000000   -0.1890359168
   5.3000000000    0.0000000000   -0.1886792453
   5.3100000000    0.0000000000   -0.1883239171
   5.3200000000    0.0000000000   -0.1879699248
   5.3300000000    0.0000000000   -0.1876172608
   5.3400000000    0.0000000000   -0.1872659176
   5.3500000000    0.0000000000   -0.1869158879
   5.3600000000    0.0000000000   -0.1865671642
   5.3700000000    0.0000000000   -0.1862197393
   5.3800000000    0.0000000000   -0.1858736059
   5.3900000000    0.0000000000   -0.1855287570
   5.4000000000    0.0000000000   -0.1851851852
   5.4100000000    0.0000000000   -0.1848428835
   5.4200000000    0.0000000000   -0.1845018450
   5.4300000000    0.0000000000   -0.1841620626
   5.4400000000    0.0000000000   -0.1838235294
   5.4500000000    0.0000000000   -0.1834862385
   5.4600000000    0.0000000000   -0.1831501832
   5.4700000000    0.0000000000   -0.1828153565
   5.4800000000    0.0000000000   -0.1824817518
   5.4900000000    0.0000000000   -0.1821493625
   5.5000000000    0.0000000000   -0.1818181818
   5.5100000000    0.0000000000   -0.1814882033
   5.5200000000    0.0000000000   -0.1811594203
   5.5300000000    0.0000000000   -0.1808318264
   5.5400000000    0.0000000000   -0.1805054152
   5.5500000000    0.0000000000   -0.1801801802
   5.5600000000    0.0000000000   -0.1798561151
   5.5700000000    0.0000000000   -0.1795332136
   5.5800000000    0.0000000000   -0.1792114695
   5.5900000000    0.0000000000   -0.1788908766
   5.6000000000    0.0000000000   -0.1785714286
   5.6100000000    0.0000000000   -0.1782531194
   5.6200000000    0.0000000000   -0.1779359431
   5.6300000000    0.0000000000   -0.1776198934
   5.6400000000    0.0000000000   -0.1773049645
   5.6500000000    0.0000000000   -0.1769911504
   5.6600000000    0.0000000000   -0.1766784452
   5.6700000000    0.0000000000   -0.1763668430
   5.6800000000    0.0000000000   -0.1760563380
   5.6900000000    0.0000000000   -0.1757469244
   5.7000000000    0.0000000000   -0.1754385965
   5.7100000000    0.0000000000   -0.1751313485
   5.7200000000    0.0000000000   -0.1748251748
   5.7300000000    0.0000000000   -0.1745200698
   5.7400000000    0.0000000000   -0.1742160279
   5.7500000000    0.0000000000   -0.1739130435
   5.7600000000    0.0000000000   -0.1736111111
   5.7700000000    0.0000000000   -0.1733102253
   5.7800000000    0.0000000000   -0.1730103806
   5.7900000000    0.0000000000   -0.1727115717
   5.8000000000    0.0000000000   -0.1724137931
   5.8100000000    0.0000000000   -0.1721170396
   5.8200000000    0.0000000000   -0.1718213058
   5.8300000000    0.0000000000   -0.1715265866
   5.8400000000    0.0000000000   -0.1712328767
   5.8500000000    0.0000000000   -0.1709401709
   5.8600000000    0.0000000000   -0.1706484642
   5.8700000000    0.0000000000   -0.1703577513
   5.8800000000    0.0000000000   -0.1700680272
   5.8900000000    0.0000000000   -0.1697792869
   5.9000000000    0.0000000000   -0.1694915254
   5.9100000000    0.0000000000   -0.1692047377
   5.9200000000    0.0000000000   -0.1689189189
   5.9300000000    0.0000000000   -0.1686340641
   5.9400000000    0.0000000000   -0.1683501684
   5.9500000000    0.0000000000   -0.1680672269
   5.9600000000    0.0000000000   -0.1677852349
   5.9700000000    0.0000000000   -0.1675041876
   5.9800000000    0.0000000000   -0.1672240803
   5.9900000000    0.0000000000   -0.1669449082
   6.0000000000    0.0000000000   -0.1666666667
   6.0100000000    0.0000000000   -0.1663893511
   6.0200000000    0.0000000000   -0.1661129568
   6.0300000000    0.0000000000   -0.1658374793
   6.0400000000    0.0000000000   -0.1655629139
   6.0500000000    0.0000000000   -0.1652892562
   6.0600000000    0.0000000000   -0.1650165017
   6.0700000000    0.0000000000   -0.1647446458
   6.0800000000    0.0000000000   -0.1644736842
   6.0900000000    0.0000000000   -0.1642036125
   6.1000000000    0.0000000000   -0.1639344262
   6.1100000000    0.0000000000   -0.1636661211
   6.1200000000    0.0000000000   -0.1633986928
   6.1300000000    0.0000000000   -0.1631321370
   6.1400000000    0.0000000000   -0.1628664495
   6.1500000000    0.0000000000   -0.1626016260
   6.1600000000    0.0000000000   -0.1623376623
   6.1700000000    0.0000000000   -0.1620745543
   6.1800000000    0.0000000000   -0.1618122977
   6.1900000000    0.0000000000   -0.1615508885
   6.2000000000    0.0000000000   -0.1612903226
   6.2100000000    0.0000000000   -0.1610305958
   6.2200000000    0.0000000000   -0.1607717042
   6.2300000000    0.0000000000   -0.1605136437
   6.2400000000    0.0000000000   -0.1602564103
   6.2500000000    0.0000000000   -0.1600000000
   6.2600000000    0.0000000000   -0.1597444089
   6.2700000000    0.0000000000   -0.1594896332
   6.2800000000    0.0000000000   -0.1592356688
   6.2900000000    0.0000000000   -0.1589825119
   6.3000000000    0.0000000000   -0.1587301587
   6.3100000000    0.0000000000   -0.1584786054
   6.3200000000    0.0000000000   -0.1582278481
   6.3300000000    0.0000000000   -0.1579778831
   6.3400000000    0.0000000000   -0.1577287066
   6.3500000000    0.0000000000   -0.1574803150
   6.3600000000    0.0000000000   -0.1572327044
   6.3700000000    0.0000000000   -0.1569858713
   6.3800000000    0.0000000000   -0.1567398119
   6.3900000000    0.0000000000   -0.1564945227
   6.4000000000    0.0000000000   -0.1562500000
   6.4100000000    0.0000000000   -0.1560062402
   6.4200000000    0.0000000000   -0.1557632399
   6.4300000000    0.0000000000   -0.1555209953
   6.4400000000    0.0000000000   -0.1552795031
   6.4500000000    0.0000000000   -0.1550387597
   6.4600000000    0.0000000000   -0.1547987616
   6.4700000000    0.0000000000   -0.1545595054
   6.4800000000    0.0000000000   -0.1543209877
   6.4900000000    0.0000000000   -0.1540832049
   6.5000000000    0.0000000000   -0.1538461538
   6.5100000000    0.0000000000   -0.1536098310
   6.5200000000    0.0000000000   -0.1533742331
   6.5300000000    0.0000000000   -0.1531393568
   6.5400000000    0.0000000000   -0.1529051988
   6.5500000000    0.0000000000   -0.1526717557
   6.5600000000    0.0000000000   -0.1524390244
   6.5700000000    0.0000000000   -0.1522070015
   6.5800000000    0.0000000000   -0.1519756839
   6.5900000000    0.0000000000   -0.1517450683
   6.6000000000    0.0000000000   -0.1515151515
   6.6100000000    0.0000000000   -0.1512859304
   6.6200000000    0.0000000000   -0.1510574018
   6.6300000000    0.0000000000   -0.1508295626
   6.6400000000    0.0000000000   -0.1506024096
   6.6500000000    0.0000000000   -0.1503759398
   6.6600000000    0.0000000000   -0.1501501502
   6.6700000000    0.0000000000   -0.1499250375
   6.6800000000    0.0000000000   -0.1497005988
   6.6900000000    0.0000000000   -0.1494768311
   6.7000000000    0.0000000000   -0.1492537313
   6.7100000000    0.0000000000   -0.1490312966
   6.7200000000    0.0000000000   -0.1488095238
   6.7300000000    0.0000000000   -0.1485884101
   6.7400000000    0.0000000000   -0.1483679525
   6.7500000000    0.0000000000   -0.1481481481
   6.7600000000    0.0000000000   -0.1479289941
   6.7700000000    0.0000000000   -0.1477104874
   6.7800000000    0.0000000000   -0.1474926254
   6.7900000000    0.0000000000   -0.1472754050
   6.8000000000    0.0000000000   -0.1470588235
   6.8100000000    0.0000000000   -0.1468428781
   6.8200000000    0.0000000000   -0.1466275660
   6.8300000000    0.0000000000   -0.1464128843
   6.8400000000    0.0000000000   -0.1461988304
   6.8500000000    0.0000000000   -0.1459854015
   6.8600000000    0.0000000000   -0.1457725948
   6.8700000000    0.0000000000   -0.1455604076
   6.8800000000    0.0000000000   -0.1453488372
   6.8900000000    0.0000000000   -0.1451378810
   6.9000000000    0.0000000000   -0.1449275362
   6.9100000000    0.0000000000   -0.1447178003
   6.9200000000    0.0000000000   -0.1445086705
   6.9300000000    0.0000000000   -0.1443001443
   6.9400000000    0.0000000000   -0.1440922190
   6.9500000000    0.0000000000   -0.1438848921
   6.9600000000    0.0000000000   -0.1436781609
   6.9700000000    0.0000000000   -0.1434720230
   6.9800000000    0.0000000000   -0.1432664756
   6.9900000000    0.0000000000   -0.1430615165
   7.0000000000    0.0000000000   -0.1428571429
   7.0100000000    0.0000000000   -0.1426533524
   7.0200000000    0.0000000000   -0.1424501425
   7.0300000000    0.0000000000   -0.1422475107
   7.0400000000    0.0000000000   -0.1420454545
   7.0500000000    0.0000000000   -0.1418439716
   7.0600000000    0.0000000000   -0.1416430595
   7.0700000000    0.0000000000   -0.1414427157
   7.0800000000    0.0000000000   -0.1412429379
   7.0900000000    0.0000000000   -0.1410437236
   7.1000000000    0.0000000000   -0.1408450704
   7.1100000000    0.0000000000   -0.1406469761
   7.1200000000    0.0000000000   -0.1404494382
   7.1300000000    0.0000000000   -0.1402524544
   7.1400000000    0.0000000000   -0.1400560224
   7.1500000000    0.0000000000   -0.1398601399
   7.1600000000    0.0000000000   -0.1396648045
   7.1700000000    0.0000000000   -0.1394700139
   7.1800000000    0.0000000000   -0.1392757660
   7.1900000000    0.0000000000   -0.1390820584
   7.2000000000    0.0000000000   -0.1388888889
   7.2100000000    0.0000000000   -0.1386962552
   7.2200000000    0.0000000000   -0.1385041551
   7.2300000000    0.0000000000   -0.1383125864
   7.2400000000    0.0000000000   -0.1381215470
   7.2500000000    0.0000000000   -0.1379310345
   7.2600000000    0.0000000000   -0.1377410468
   7.2700000000    0.0000000000   -0.1375515818
   7.2800000000    0.0000000000   -0.1373626374
   7.2900000000    0.0000000000   -0.1371742112
   7.3000000000    0.0000000000   -0.1369863014
   7.3100000000    0.0000000000   -0.1367989056
   7.3200000000    0.0000000000   -0.1366120219
   7.3300000000    0.0000000000   -0.1364256480
   7.3400000000    0.0000000000   -0.1362397820
   7.3500000000    0.0000000000   -0.1360544218
   7.3600000000    0.0000000000   -0.1358695652
   7.3700000000    0.0000000000   -0.1356852103
   7.3800000000    0.0000000000   -0.1355013550
   7.3900000000    0.0000000000   -0.1353179973
   7.4000000000    0.0000000000   -0.1351351351
   7.4100000000    0.0000000000   -0.1349527665
   7.4200000000    0.0000000000   -0.1347708895
   7.4300000000    0.0000000000   -0.1345895020
   7.4400000000    0.0000000000   -0.1344086022
   7.4500000000    0.0000000000   -0.1342281879
   7.4600000000    0.0000000000   -0.1340482574
   7.4700000000    0.0000000000   -0.1338688086
   7.4800000000    0.0000000000   -0.1336898396
   7.4900000000    0.0000000000   -0.1335113485
   7.5000000000    0.0000000000   -0.1333333333
   7.5100000000    0.0000000000   -0.1331557923
   7.5200000000    0.0000000000   -0.1329787234
   7.5300000000    0.0000000000   -0.1328021248
   7.5400000000    0.0000000000   -0.1326259947
   7.5500000000    0.0000000000   -0.1324503311
   7.5600000000    0.0000000000   -0.1322751323
   7.5700000000    0.0000000000   -0.1321003963
   7.5800000000    0.0000000000   -0.1319261214
   7.5900000000    0.0000000000   -0.1317523057
   7.6000000000    0.0000000000   -0.1315789474
   7.6100000000    0.0000000000   -0.1314060447
   7.6200000000    0.0000000000   -0.1312335958
   7.6300000000    0.0000000000   -0.1310615990
   7.6400000000    0.0000000000   -0.1308900524
   7.6500000000    0.0000000000   -0.1307189542
   7.6600000000    0.0000000000   -0.1305483029
   7.6700000000    0.0000000000   -0.1303780965
   7.6800000000    0.0000000000   -0.1302083333
   7.6900000000    0.0000000000   -0.1300390117
   7.7000000000    0.0000000000   -0.1298701299
   7.7100000000    0.0000000000   -0.1297016861
   7.7200000000    0.0000000000   -0.1295336788
   7.7300000000    0.0000000000   -0.1293661061
   7.7400000000    0.0000000000   -0.1291989664
   7.7500000000    0.0000000000   -0.1290322581
   7.7600000000    0.0000000000   -0.1288659794
   7.7700000000    0.0000000000   -0.1287001287
   7.7800000000    0.0000000000   -0.1285347044
   7.7900000000    0.0000000000   -0.1283697047
   7.8000000000    0.0000000000   -0.1282051282
   7.8100000000    0.0000000000   -0.1280409731
   7.8200000000    0.0000000000   -0.1278772379
   7.8300000000    0.0000000000   -0.1277139208
   7.8400000000    0.0000000000   -0.1275510204
   7.8500000000    0.0000000000   -0.1273885350
   7.8600000000    0.0000000000   -0.1272264631
   7.8700000000    0.0000000000   -0.1270648030
   7.8800000000    0.0000000000   -0.1269035533
   7.8900000000    0.0000000000   -0.1267427123
   7.9000000000    0.0000000000   -0.1265822785
   7.9100000000    0.0000000000   -0.1264222503
   7.9200000000    0.0000000000   -0.1262626263
   7.9300000000    0.0000000000   -0.1261034048
   7.9400000000    0.0000000000   -0.1259445844
   7.9500000000    0.0000000000   -0.1257861635
   7.9600000000    0.0000000000   -0.1256281407
   7.9700000000    0.0000000000   -0.1254705144
   7.9800000000    0.0000000000   -0.1253132832
   7.9900000000    0.0000000000   -0.1251564456
   8.0000000000    0.0000000000   -0.1250000000
   8.0100000000    0.0000000000   -0.1248439451
   8.0200000000    0.0000000000   -0.1246882793
   8.0300000000    0.0000000000   -0.1245330012
   8.0400000000    0.0000000000   -0.1243781095
   8.0500000000    0.0000000000   -0.1242236025
   8.0600000000    0.0000000000   -0.1240694789
   8.0700000000    0.0000000000   -0.1239157373
   8.0800000000    0.0000000000   -0.1237623762
   8.0900000000    0.0000000000   -0.1236093943
   8.1000000000    0.0000000000   -0.1234567901
   8.1100000000    0.0000000000   -0.1233045623
   8.1200000000    0.0000000000   -0.1231527094
   8.1300000000    0.0000000000   -0.1230012300
   8.1400000000    0.0000000000   -0.1228501229
   8.1500000000    0.0000000000   -0.1226993865
   8.1600000000    0.0000000000   -0.1225490196
   8.1700000000    0.0000000000   -0.1223990208
   8.1800000000    0.0000000000   -0.1222493888
   8.1900000000    0.0000000000   -0.1221001221
   8.2000000000    0.0000000000   -0.1219512195
   8.2100000000    0.0000000000   -0.1218026797
   8.2200000000    0.0000000000   -0.1216545012
   8.2300000000    0.0000000000   -0.1215066829
   8.2400000000    0.0000000000   -0.1213592233
   8.2500000000    0.0000000000   -0.1212121212
   8.2600000000    0.0000000000   -0.1210653753
   8.2700000000    0.0000000000   -0.1209189843
   8.2800000000    0.0000000000   -0.1207729469
   8.2900000000    0.0000000000   -0.1206272618
   8.3000000000    0.0000000000   -0.1204819277
   8.3100000000    0.0000000000   -0.1203369434
   8.3200000000    0.0000000000   -0.1201923077
   8.3300000000    0.0000000000   -0.1200480192
   8.3400000000    0.0000000000   -0.1199040767
   8.3500000000    0.0000000000   -0.1197604790
   8.3600000000    0.0000000000   -0.1196172249
   8.3700000000    0.0000000000   -0.1194743130
   8.3800000000    0.0000000000   -0.1193317422
   8.3900000000    0.0000000000   -0.1191895113
   8.4000000000    0.0000000000   -0.1190476190
   8.4100000000    0.0000000000   -0.1189060642
   8.4200000000    0.0000000000   -0.1187648456
   8.4300000000    0.0000000000   -0.1186239620
   8.4400000000    0.0000000000   -0.1184834123
   8.4500000000    0.0000000000   -0.1183431953
   8.4600000000    0.0000000000   -0.1182033097
   8.4700000000    0.0000000000   -0.1180637544
   8.4800000000    0.0000000000   -0.1179245283
   8.4900000000    0.0000000000   -0.1177856302
   8.5000000000    0.0000000000   -0.1176470588
   8.5100000000    0.0000000000   -0.1175088132
   8.5200000000    0.0000000000   -0.1173708920
   8.5300000000    0.0000000000   -0.1172332943
   8.5400000000    0.0000000000   -0.1170960187
   8.5500000000    0.0000000000   -0.1169590643
   8.5600000000    0.0000000000   -0.1168224299
   8.5700000000    0.0000000000   -0.1166861144
   8.5800000000    0.0000000000   -0.1165501166
   8.5900000000    0.0000000000   -0.1164144354
   8.6000000000    0.0000000000   -0.1162790698
   8.6100000000    0.0000000000   -0.1161440186
   8.6200000000    0.0000000000   -0.1160092807
   8.6300000000    0.0000000000   -0.1158748552
   8.6400000000    0.0000000000   -0.1157407407
   8.6500000000    0.0000000000   -0.1156069364
   8.6600000000    0.0000000000   -0.1154734411
   8.6700000000    0.0000000000   -0.1153402537
   8.6800000000    0.0000000000   -0.1152073733
   8.6900000000    0.0000000000   -0.1150747986
   8.7000000000    0.0000000000   -0.1149425287
   8.7100000000    0.0000000000   -0.1148105626
   8.7200000000    0.0000000000   -0.1146788991
   8.7300000000    0.0000000000   -0.1145475372
   8.7400000000    0.0000000000   -0.1144164760
   8.7500000000    0.0000000000   -0.1142857143
   8.7600000000    0.0000000000   -0.1141552511
   8.7700000000    0.0000000000   -0.1140250855
   8.7800000000    0.0000000000   -0.1138952164
   8.7900000000    0.0000000000   -0.1137656428
   8.8000000000    0.0000000000   -0.1136363636
   8.8100000000    0.0000000000   -0.1135073780
   8.8200000000    0.0000000000   -0.1133786848
   8.8300000000    0.0000000000   -0.1132502831
   8.8400000000    0.0000000000   -0.1131221719
   8.8500000000    0.0000000000   -0.1129943503
   8.8600000000    0.0000000000   -0.1128668172
   8.8700000000    0.0000000000   -0.1127395716
   8.8800000000    0.0000000000   -0.1126126126
   8.8900000000    0.0000000000   -0.1124859393
   8.9000000000    0.0000000000   -0.1123595506
   8.9100000000    0.0000000000   -0.1122334456
   8.9200000000    0.0000000000   -0.1121076233
   8.9300000000    0.0000000000   -0.1119820829
   8.9400000000    0.0000000000   -0.1118568233
   8.9500000000    0.0000000000   -0.1117318436
   8.9600000000    0.0000000000   -0.1116071429
   8.9700000000    0.0000000000   -0.1114827202
   8.9800000000    0.0000000000   -0.1113585746
   8.9900000000    0.0000000000   -0.1112347052
   9.0000000000    0.0000000000   -0.1111111111
   9.0100000000    0.0000000000   -0.1109877913
   9.0200000000    0.0000000000   -0.1108647450
   9.0300000000    0.0000000000   -0.1107419712
   9.0400000000    0.0000000000   -0.1106194690
   9.0500000000    0.0000000000   -0.1104972376
   9.0600000000    0.0000000000   -0.1103752759
   9.0700000000    0.0000000000   -0.1102535832
   9.0800000000    0.0000000000   -0.1101321586
   9.0900000000    0.0000000000   -0.1100110011
   9.1000000000    0.0000000000   -0.1098901099
   9.1100000000    0.0000000000   -0.1097694841
   9.1200000000    0.0000000000   -0.1096491228
   9.1300000000    0.0000000000   -0.1095290252
   9.1400000000    0.0000000000   -0.1094091904
   9.1500000000    0.0000000000   -0.1092896175
   9.1600000000    0.0000000000   -0.1091703057
   9.1700000000    0.0000000000   -0.1090512541
   9.1800000000    0.0000000000   -0.1089324619
   9.1900000000    0.0000000000   -0.1088139282
   9.2000000000    0.0000000000   -0.1086956522
   9.2100000000    0.0000000000   -0.1085776330
   9.2200000000    0.0000000000   -0.1084598698
   9.2300000000    0.0000000000   -0.1083423619
   9.2400000000    0.0000000000   -0.1082251082
   9.2500000000    0.0000000000   -0.1081081081
   9.2600000000    0.0000000000   -0.1079913607
   9.2700000000    0.0000000000   -0.1078748652
   9.2800000000    0.0000000000   -0.1077586207
   9.2900000000    0.0000000000   -0.1076426265
   9.3000000000    0.0000000000   -0.1075268817
   9.3100000000    0.0000000000   -0.1074113856
   9.3200000000    0.0000000000   -0.1072961373
   9.3300000000    0.0000000000   -0.1071811361
   9.3400000000    0.0000000000   -0.1070663812
   9.3500000000    0.0000000000   -0.1069518717
   9.3600000000    0.0000000000   -0.1068376068
   9.3700000000    0.0000000000   -0.1067235859
   9.3800000000    0.0000000000   -0.1066098081
   9.3900000000    0.0000000000   -0.1064962726
   9.4000000000    0.0000000000   -0.1063829787
   9.4100000000    0.0000000000   -0.1062699256
   9.4200000000    0.0000000000   -0.1061571125
   9.4300000000    0.0000000000   -0.1060445387
   9.4400000000    0.0000000000   -0.1059322034
   9.4500000000    0.0000000000   -0.1058201058
   9.4600000000    0.0000000000   -0.1057082452
   9.4700000000    0.0000000000   -0.1055966209
   9.4800000000    0.0000000000   -0.1054852321
   9.4900000000    0.0000000000   -0.1053740780
   9.5000000000    0.0000000000   -0.1052631579
   9.5100000000    0.0000000000   -0.1051524711
   9.5200000000    0.0000000000   -0.1050420168
   9.5300000000    0.0000000000   -0.1049317943
   9.5400000000    0.0000000000   -0.1048218029
   9.5500000000    0.0000000000   -0.1047120419
   9.5600000000    0.0000000000   -0.1046025105
   9.5700000000    0.0000000000   -0.1044932079
   9.5800000000    0.0000000000   -0.1043841336
   9.5900000000    0.0000000000   -0.1042752868
   9.6000000000    0.0000000000   -0.1041666667
   9.6100000000    0.0000000000   -0.1040582726
   9.6200000000    0.0000000000   -0.1039501040
   9.6300000000    0.0000000000   -0.1038421599
   9.6400000000    0.0000000000   -0.1037344398
   9.6500000000    0.0000000000   -0.1036269430
   9.6600000000    0.0000000000   -0.1035196687
   9.6700000000    0.0000000000   -0.1034126163
   9.6800000000    0.0000000000   -0.1033057851
   9.6900000000    0.0000000000   -0.1031991744
   9.7000000000    0.0000000000   -0.1030927835
   9.7100000000    0.0000000000   -0.1029866117
   9.7200000000    0.0000000000   -0.1028806584
   9.7300000000    0.0000000000   -0.1027749229
   9.7400000000    0.0000000000   -0.1026694045
   9.7500000000    0.0000000000   -0.1025641026
   9.7600000000    0.0000000000   -0.1024590164
   9.7700000000    0.0000000000   -0.1023541453
   9.7800000000    0.0000000000   -0.1022494888
   9.7900000000    0.0000000000   -0.1021450460
   9.8000000000    0.0000000000   -0.1020408163
   9.8100000000    0.0000000000   -0.1019367992
   9.8200000000    0.0000000000   -0.1018329939
   9.8300000000    0.0000000000   -0.1017293998
   9.8400000000    0.0000000000   -0.1016260163
   9.8500000000    0.0000000000   -0.1015228426
   9.8600000000    0.0000000000   -0.1014198783
   9.8700000000    0.0000000000   -0.1013171226
   9.8800000000    0.0000000000   -0.1012145749
   9.8900000000    0.0000000000   -0.1011122346
   9.9000000000    0.0000000000   -0.1010101010
   9.9100000000    0.0000000000   -0.1009081736
   9.9200000000    0.0000000000   -0.1008064516
   9.9300000000    0.0000000000   -0.1007049345
   9.9400000000    0.0000000000   -0.1006036217
   9.9500000000    0.0000000000   -0.1005025126
   9.9600000000    0.0000000000   -0.1004016064
   9.9700000000    0.0000000000   -0.1003009027
   9.9800000000    0.0000000000   -0.1002004008
   9.9900000000    0.0000000000   -0.1001001001
  10.0000000000    0.0000000000   -0.1000000000
  10.0100000000    0.0000000000   -0.0999000999
  10.0200000000    0.0000000000   -0.0998003992
  10.0300000000    0.0000000000   -0.0997008973
  10.0400000000    0.0000000000   -0.0996015936
  10.0500000000    0.0000000000   -0.0995024876
  10.0600000000    0.0000000000   -0.0994035785
  10.0700000000    0.0000000000   -0.0993048659
  10.0800000000    0.0000000000   -0.0992063492
  10.0900000000    0.0000000000   -0.0991080278
  10.1000000000    0.0000000000   -0.0990099010
  10.1100000000    0.0000000000   -0.0989119683
  10.1200000000    0.0000000000   -0.0988142292
  10.1300000000    0.0000000000   -0.0987166831
  10.1400000000    0.0000000000   -0.0986193294
  10.1500000000    0.0000000000   -0.0985221675
  10.1600000000    0.0000000000   -0.0984251969
  10.1700000000    0.0000000000   -0.0983284169
  10.1800000000    0.0000000000   -0.0982318271
  10.1900000000    0.0000000000   -0.0981354269
  10.2000000000    0.0000000000   -0.0980392157
  10.2100000000    0.0000000000   -0.0979431929
  10.2200000000    0.0000000000   -0.0978473581
  10.2300000000    0.0000000000   -0.0977517107
  10.2400000000    0.0000000000   -0.0976562500
  10.2500000000    0.0000000000   -0.0975609756
  10.2600000000    0.0000000000   -0.0974658869
  10.2700000000    0.0000000000   -0.0973709834
  10.2800000000    0.0000000000   -0.0972762646
  10.2900000000    0.0000000000   -0.0971817298
  10.3000000000    0.0000000000   -0.0970873786
  10.3100000000    0.0000000000   -0.0969932105
  10.3200000000    0.0000000000   -0.0968992248
  10.3300000000    0.0000000000   -0.0968054211
  10.3400000000    0.0000000000   -0.0967117988
  10.3500000000    0.0000000000   -0.0966183575
  10.3600000000    0.0000000000   -0.0965250965
  10.3700000000    0.0000000000   -0.0964320154
  10.3800000000    0.0000000000   -0.0963391137
  10.3900000000    0.0000000000   -0.0962463908
  10.4000000000    0.0000000000   -0.0961538462
  10.4100000000    0.0000000000   -0.0960614793
  10.4200000000    0.0000000000   -0.0959692898
  10.4300000000    0.0000000000   -0.0958772771
  10.4400000000    0.0000000000   -0.0957854406
  10.4500000000    0.0000000000   -0.0956937799
  10.4600000000    0.0000000000   -0.0956022945
  10.4700000000    0.0000000000   -0.0955109838
  10.4800000000    0.0000000000   -0.0954198473
  10.4900000000    0.0000000000   -0.0953288847
  10.5000000000    0.0000000000   -0.0952380952
  10.5100000000    0.0000000000   -0.0951474786
  10.5200000000    0.0000000000   -0.0950570342
  10.5300000000    0.0000000000   -0.0949667616
  10.5400000000    0.0000000000   -0.0948766603
  10.5500000000    0.0000000000   -0.0947867299
  10.5600000000    0.0000000000   -0.0946969697
  10.5700000000    0.0000000000   -0.0946073794
  10.5800000000    0.0000000000   -0.0945179584
  10.5900000000    0.0000000000   -0.0944287063
  10.6000000000    0.0000000000   -0.0943396226
  10.6100000000    0.0000000000   -0.0942507069
  10.6200000000    0.0000000000   -0.0941619586
  10.6300000000    0.0000000000   -0.0940733772
  10.6400000000    0.0000000000   -0.0939849624
  10.6500000000    0.0000000000   -0.0938967136
  10.6600000000    0.0000000000   -0.0938086304
  10.6700000000    0.0000000000   -0.0937207123
  10.6800000000    0.0000000000   -0.0936329588
  10.6900000000    0.0000000000   -0.0935453695
  10.7000000000    0.0000000000   -0.0934579439
  10.7100000000    0.0000000000   -0.0933706816
  10.7200000000    0.0000000000   -0.0932835821
  10.7300000000    0.0000000000   -0.0931966449
  10.7400000000    0.0000000000   -0.0931098696
  10.7500000000    0.0000000000   -0.0930232558
  10.7600000000    0.0000000000   -0.0929368030
  10.7700000000    0.0000000000   -0.0928505107
  10.7800000000    0.0000000000   -0.0927643785
  10.7900000000    0.0000000000   -0.0926784059
  10.8000000000    0.0000000000   -0.0925925926
  10.8100000000    0.0000000000   -0.0925069380
  10.8200000000    0.0000000000   -0.0924214418
  10.8300000000    0.0000000000   -0.0923361034
  10.8400000000    0.0000000000   -0.0922509225
  10.8500000000    0.0000000000   -0.0921658986
  10.8600000000    0.0000000000   -0.0920810313
  10.8700000000    0.0000000000   -0.0919963201
  10.8800000000    0.0000000000   -0.0919117647
  10.8900000000    0.0000000000   -0.0918273646
  10.9000000000    0.0000000000   -0.0917431193
  10.9100000000    0.0000000000   -0.0916590284
  10.9200000000    0.0000000000   -0.0915750916
  10.9300000000    0.0000000000   -0.0914913083
  10.9400000000    0.0000000000   -0.0914076782
  10.9500000000    0.0000000000   -0.0913242009
  10.9600000000    0.0000000000   -0.0912408759
  10.9700000000    0.0000000000   -0.0911577028
  10.9800000000    0.0000000000   -0.0910746812
  10.9900000000    0.0000000000   -0.0909918107
  11.0000000000    0.0000000000   -0.0909090909
  11.0100000000    0.0000000000   -0.0908265213
  11.0200000000    0.0000000000   -0.0907441016
  11.0300000000    0.0000000000   -0.0906618314
  11.0400000000    0.0000000000   -0.0905797101
  11.0500000000    0.0000000000   -0.0904977376
  11.0600000000    0.0000000000   -0.0904159132
  11.0700000000    0.0000000000   -0.0903342367
  11.0800000000    0.0000000000   -0.0902527076
  11.0900000000    0.0000000000   -0.0901713255
  11.1000000000    0.0000000000   -0.0900900901
  11.1100000000    0.0000000000   -0.0900090009
  11.1200000000    0.0000000000   -0.0899280576
  11.1300000000    0.0000000000   -0.0898472597
  11.1400000000    0.0000000000   -0.0897666068
  11.1500000000    0.0000000000   -0.0896860987
  11.1600000000    0.0000000000   -0.0896057348
  11.1700000000    0.0000000000   -0.0895255148
  11.1800000000    0.0000000000   -0.0894454383
  11.1900000000    0.0000000000   -0.0893655049
  11.2000000000    0.0000000000   -0.0892857143
  11.2100000000    0.0000000000   -0.0892060660
  11.2200000000    0.0000000000   -0.0891265597
  11.2300000000    0.0000000000   -0.0890471950
  11.2400000000    0.0000000000   -0.0889679715
  11.2500000000    0.0000000000   -0.0888888889
  11.2600000000    0.0000000000   -0.0888099467
  11.2700000000    0.0000000000   -0.0887311446
  11.2800000000    0.0000000000   -0.0886524823
  11.2900000000    0.0000000000   -0.0885739593
  11.3000000000    0.0000000000   -0.0884955752
  11.3100000000    0.0000000000   -0.0884173298
  11.3200000000    0.0000000000   -0.0883392226
  11.3300000000    0.0000000000   -0.0882612533
  11.3400000000    0.0000000000   -0.0881834215
  11.3500000000    0.0000000000   -0.0881057269
  11.3600000000    0.0000000000   -0.0880281690
  11.3700000000    0.0000000000   -0.0879507476
  11.3800000000    0.0000000000   -0.0878734622
  11.3900000000    0.0000000000   -0.0877963126
  11.4000000000    0.0000000000   -0.0877192982
  11.4100000000    0.0000000000   -0.0876424189
  11.4200000000    0.0000000000   -0.0875656743
  11.4300000000    0.0000000000   -0.0874890639
  11.4400000000    0.0000000000   -0.0874125874
  11.4500000000    0.0000000000   -0.0873362445
  11.4600000000    0.0000000000   -0.0872600349
  11.4700000000    0.0000000000   -0.0871839582
  11.4800000000    0.0000000000   -0.0871080139
  11.4900000000    0.0000000000   -0.0870322019
  11.5000000000    0.0000000000   -0.0869565217
  11.5100000000    0.0000000000   -0.0868809731
  11.5200000000    0.0000000000   -0.0868055556
  11.5300000000    0.0000000000   -0.0867302689
  11.5400000000    0.0000000000   -0.0866551127
  11.5500000000    0.0000000000   -0.0865800866
  11.5600000000    0.0000000000   -0.0865051903
  11.5700000000    0.0000000000   -0.0864304235
  11.5800000000    0.0000000000   -0.0863557858
  11.5900000000    0.0000000000   -0.0862812770
  11.6000000000    0.0000000000   -0.0862068966
  11.6100000000    0.0000000000   -0.0861326443
  11.6200000000    0.0000000000   -0.0860585198
  11.6300000000    0.0000000000   -0.0859845228
  11.6400000000    0.0000000000   -0.0859106529
  11.6500000000    0.0000000000   -0.0858369099
  11.6600000000    0.0000000000   -0.0857632933
  11.6700000000    0.0000000000   -0.0856898029
  11.6800000000    0.0000000000   -0.0856164384
  11.6900000000    0.0000000000   -0.0855431993
  11.7000000000    0.0000000000   -0.0854700855
  11.7100000000    0.0000000000   -0.0853970965
  11.7200000000    0.0000000000   -0.0853242321
  11.7300000000    0.0000000000   -0.0852514919
  11.7400000000    0.0000000000   -0.0851788756
  11.7500000000    0.0000000000   -0.0851063830
  11.7600000000    0.0000000000   -0.0850340136
  11.7700000000    0.0000000000   -0.0849617672
  11.7800000000    0.0000000000   -0.0848896435
  11.7900000000    0.0000000000   -0.0848176421
  11.8000000000    0.0000000000   -0.0847457627
  11.8100000000    0.0000000000   -0.0846740051
  11.8200000000    0.0000000000   -0.0846023689
  11.8300000000    0.0000000000   -0.0845308538
  11.8400000000    0.0000000000   -0.0844594595
  11.8500000000    0.0000000000   -0.0843881857
  11.8600000000    0.0000000000   -0.0843170320
  11.8700000000    0.0000000000   -0.0842459983
  11.8800000000    0.0000000000   -0.0841750842
  11.8900000000    0.0000000000   -0.0841042893
  11.9000000000    0.0000000000   -0.0840336134
  11.9100000000    0.0000000000   -0.0839630563
  11.9200000000    0.0000000000   -0.0838926174
  11.9300000000    0.0000000000   -0.0838222967
  11.9400000000    0.0000000000   -0.0837520938
  11.9500000000    0.0000000000   -0.0836820084
  11.9600000000    0.0000000000   -0.0836120401
  11.9700000000    0.0000000000   -0.0835421888
  11.9800000000    0.0000000000   -0.0834724541
  11.9900000000    0.0000000000   -0.0834028357
  12.0000000000    0.0000000000   -0.0833333333
  12.0100000000    0.0000000000   -0.0832639467
  12.0200000000    0.0000000000   -0.0831946755
  12.0300000000    0.0000000000   -0.0831255195
  12.0400000000    0.0000000000   -0.0830564784
  12.0500000000    0.0000000000   -0.0829875519
  12.0600000000    0.0000000000   -0.0829187396
  12.0700000000    0.0000000000   -0.0828500414
  12.0800000000    0.0000000000   -0.0827814570
  12.0900000000    0.0000000000   -0.0827129859
  12.1000000000    0.0000000000   -0.0826446281
  12.1100000000    0.0000000000   -0.0825763832
  12.1200000000    0.0000000000   -0.0825082508
  12.1300000000    0.0000000000   -0.0824402308
  12.1400000000    0.0000000000   -0.0823723229
  12.1500000000    0.0000000000   -0.0823045267
  12.1600000000    0.0000000000   -0.0822368421
  12.1700000000    0.0000000000   -0.0821692687
  12.1800000000    0.0000000000   -0.0821018062
  12.1900000000    0.0000000000   -0.0820344545
  12.2000000000    0.0000000000   -0.0819672131
  12.2100000000    0.0000000000   -0.0819000819
  12.2200000000    0.0000000000   -0.0818330606
  12.2300000000    0.0000000000   -0.0817661488
  12.2400000000    0.0000000000   -0.0816993464
  12.2500000000    0.0000000000   -0.0816326531
  12.2600000000    0.0000000000   -0.0815660685
  12.2700000000    0.0000000000   -0.0814995925
  12.2800000000    0.0000000000   -0.0814332248
  12.2900000000    0.0000000000   -0.0813669650
  12.3000000000    0.0000000000   -0.0813008130
  12.3100000000    0.0000000000   -0.0812347685
  12.3200000000    0.0000000000   -0.0811688312
  12.3300000000    0.0000000000   -0.0811030008
  12.3400000000    0.0000000000   -0.0810372771
  12.3500000000    0.0000000000   -0.0809716599
  12.3600000000    0.0000000000   -0.0809061489
  12.3700000000    0.0000000000   -0.0808407437
  12.3800000000    0.0000000000   -0.0807754443
  12.3900000000    0.0000000000   -0.0807102502
  12.4000000000    0.0000000000   -0.0806451613
  12.4100000000    0.0000000000   -0.0805801773
  12.4200000000    0.0000000000   -0.0805152979
  12.4300000000    0.0000000000   -0.0804505229
  12.4400000000    0.0000000000   -0.0803858521
  12.4500000000    0.0000000000   -0.0803212851
  12.4600000000    0.0000000000   -0.0802568218
  12.4700000000    0.0000000000   -0.0801924619
  12.4800000000    0.0000000000   -0.0801282051
  12.4900000000    0.0000000000   -0.0800640512
  12.5000000000    0.0000000000   -0.0800000000
  12.5100000000    0.0000000000   -0.0799360512
  12.5200000000    0.0000000000   -0.0798722045
  12.5300000000    0.0000000000   -0.0798084597
  12.5400000000    0.0000000000   -0.0797448166
  12.5500000000    0.0000000000   -0.0796812749
  12.5600000000    0.0000000000   -0.0796178344
  12.5700000000    0.0000000000   -0.0795544948
  12.5800000000    0.0000000000   -0.0794912560
  12.5900000000    0.0000000000   -0.0794281176
  12.6000000000    0.0000000000   -0.0793650794
  12.6100000000    0.0000000000   -0.0793021412
  12.6200000000    0.0000000000   -0.0792393027
  12.6300000000    0.0000000000   -0.0791765637
  12.6400000000    0.0000000000   -0.0791139241
  12.6500000000    0.0000000000   -0.0790513834
  12.6600000000    0.0000000000   -0.0789889415
  12.6700000000    0.0000000000   -0.0789265983
  12.6800000000    0.0000000000   -0.0788643533
  12.6900000000    0.0000000000   -0.0788022065
  12.7000000000    0.0000000000   -0.0787401575
  12.7100000000    0.0000000000   -0.0786782061
  12.7200000000    0.0000000000   -0.0786163522
  12.7300000000    0.0000000000   -0.0785545954
  12.7400000000    0.0000000000   -0.0784929356
  12.7500000000    0.0000000000   -0.0784313725
  12.7600000000    0.0000000000   -0.0783699060
  12.7700000000    0.0000000000   -0.0783085356
  12.7800000000    0.0000000000   -0.0782472613
  12.7900000000    0.0000000000   -0.0781860829
  12.8000000000    0.0000000000   -0.0781250000
  12.8100000000    0.0000000000   -0.0780640125
  12.8200000000    0.0000000000   -0.0780031201
  12.8300000000    0.0000000000   -0.0779423227
  12.8400000000    0.0000000000   -0.0778816199
  12.8500000000    0.0000000000   -0.0778210117
  12.8600000000    0.0000000000   -0.0777604977
  12.8700000000    0.0000000000   -0.0777000777
  12.8800000000    0.0000000000   -0.0776397516
  12.8900000000    0.0000000000   -0.0775795190
  12.9000000000    0.0000000000   -0.0775193798
  12.9100000000    0.0000000000   -0.0774593338
  12.9200000000    0.0000000000   -0.0773993808
  12.9300000000    0.0000000000   -0.0773395205
  12.9400000000    0.0000000000   -0.0772797527
  12.9500000000    0.0000000000   -0.0772200772
  12.9600000000    0.0000000000   -0.0771604938
  12.9700000000    0.0000000000   -0.0771010023
  12.9800000000    0.0000000000   -0.0770416025
  12.9900000000    0.0000000000   -0.0769822941
  13.0000000000    0.0000000000   -0.0769230769
  13.0100000000    0.0000000000   -0.0768639508
  13.0200000000    0.0000000000   -0.0768049155
  13.0300000000    0.0000000000   -0.0767459708
  13.0400000000    0.0000000000   -0.0766871166
  13.0500000000    0.0000000000   -0.0766283525
  13.0600000000    0.0000000000   -0.0765696784
  13.0700000000    0.0000000000   -0.0765110941
  13.0800000000    0.0000000000   -0.0764525994
  13.0900000000    0.0000000000   -0.0763941940
  13.1000000000    0.0000000000   -0.0763358779
  13.1100000000    0.0000000000   -0.0762776506
  13.1200000000    0.0000000000   -0.0762195122
  13.1300000000    0.0000000000   -0.0761614623
  13.1400000000    0.0000000000   -0.0761035008
  13.1500000000    0.0000000000   -0.0760456274
  13.1600000000    0.0000000000   -0.0759878419
  13.1700000000    0.0000000000   -0.0759301443
  13.1800000000    0.0000000000   -0.0758725341
  13.1900000000    0.0000000000   -0.0758150114
  13.2000000000    0.0000000000   -0.0757575758
  13.2100000000    0.0000000000   -0.0757002271
  13.2200000000    0.0000000000   -0.0756429652
  13.2300000000    0.0000000000   -0.0755857899
  13.2400000000    0.0000000000   -0.0755287009
  13.2500000000    0.0000000000   -0.0754716981
  13.2600000000    0.0000000000   -0.0754147813
  13.2700000000    0.0000000000   -0.0753579503
  13.2800000000    0.0000000000   -0.0753012048
  13.2900000000    0.0000000000   -0.0752445448
  13.3000000000    0.0000000000   -0.0751879699
  13.3100000000    0.0000000000   -0.0751314801
  13.3200000000    0.0000000000   -0.0750750751
  13.3300000000    0.0000000000   -0.0750187547
  13.3400000000    0.0000000000   -0.0749625187
  13.3500000000    0.0000000000   -0.0749063670
  13.3600000000    0.0000000000   -0.0748502994
  13.3700000000    0.0000000000   -0.0747943156
  13.3800000000    0.0000000000   -0.0747384155
  13.3900000000    0.0000000000   -0.0746825990
  13.4000000000    0.0000000000   -0.0746268657
  13.4100000000    0.0000000000   -0.0745712155
  13.4200000000    0.0000000000   -0.0745156483
  13.4300000000    0.0000000000   -0.0744601638
  13.4400000000    0.0000000000   -0.0744047619
  13.4500000000    0.0000000000   -0.0743494424
  13.4600000000    0.0000000000   -0.0742942051
  13.4700000000    0.0000000000   -0.0742390497
  13.4800000000    0.0000000000   -0.0741839763
  13.4900000000    0.0000000000   -0.0741289844
  13.5000000000    0.0000000000   -0.0740740741
  13.5100000000    0.0000000000   -0.0740192450
  13.5200000000    0.0000000000   -0.0739644970
  13.5300000000    0.0000000000   -0.0739098300
  13.5400000000    0.0000000000   -0.0738552437
  13.5500000000    0.0000000000   -0.0738007380
  13.5600000000    0.0000000000   -0.0737463127
  13.5700000000    0.0000000000   -0.0736919676
  13.5800000000    0.0000000000   -0.0736377025
  13.5900000000    0.0000000000   -0.0735835173
  13.6000000000    0.0000000000   -0.0735294118
  13.6100000000    0.0000000000   -0.0734753857
  13.6200000000    0.0000000000   -0.0734214391
  13.6300000000    0.0000000000   -0.0733675715
  13.6400000000    0.0000000000   -0.0733137830
  13.6500000000    0.0000000000   -0.0732600733
  13.6600000000    0.0000000000   -0.0732064422
  13.6700000000    0.0000000000   -0.0731528895
  13.6800000000    0.0000000000   -0.0730994152
  13.6900000000    0.0000000000   -0.0730460190
  13.7000000000    0.0000000000   -0.0729927007
  13.7100000000    0.0000000000   -0.0729394602
  13.7200000000    0.0000000000   -0.0728862974
  13.7300000000    0.0000000000   -0.0728332119
  13.7400000000    0.0000000000   -0.0727802038
  13.7500000000    0.0000000000   -0.0727272727
  13.7600000000    0.0000000000   -0.0726744186
  13.7700000000    0.0000000000   -0.0726216412
  13.7800000000    0.0000000000   -0.0725689405
  13.7900000000    0.0000000000   -0.0725163162
  13.8000000000    0.0000000000   -0.0724637681
  13.8100000000    0.0000000000   -0.0724112962
  13.8200000000    0.0000000000   -0.0723589001
  13.8300000000    0.0000000000   -0.0723065799
  13.8400000000    0.0000000000   -0.0722543353
  13.8500000000    0.0000000000   -0.0722021661
  13.8600000000    0.0000000000   -0.0721500722
  13.8700000000    0.0000000000   -0.0720980534
  13.8800000000    0.0000000000   -0.0720461095
  13.8900000000    0.0000000000   -0.0719942405
  13.9000000000    0.0000000000   -0.0719424460
  13.9100000000    0.0000000000   -0.0718907261
  13.9200000000    0.0000000000   -0.0718390805
  13.9300000000    0.0000000000   -0.0717875090
  13.9400000000    0.0000000000   -0.0717360115
  13.9500000000    0.0000000000   -0.0716845878
  13.9600000000    0.0000000000   -0.0716332378
  13.9700000000    0.0000000000   -0.0715819613
  13.9800000000    0.0000000000   -0.0715307582
  13.9900000000    0.0000000000   -0.0714796283
  14.0000000000    0.0000000000   -0.0714285714
